0.27156 0.19702 0.86238 0.10155 0.40188 
0.26793 0.28041 0.83502 0.09839 0.39129 
0.25318 0.24142 0.83801 0.15178 0.43342 
0.30988 0.16992 0.80006 0.18228 0.37486 
0.31575 0.26659 0.79006 0.11848 0.2991 
0.27821 0.24258 0.85289 0.20845 0.32891 
0.30327 0.16742 0.92946 0.11484 0.35817 
0.27873 0.17117 0.75229 0.1432 0.31669 
0.28356 0.25797 0.74725 0.11493 0.30749 
0.22542 0.21191 0.90867 0.05756 0.33299 
0.33843 0.26382 0.81413 0.03176 0.35855 
0.33861 0.273 0.78901 0.07765 0.2991 
0.35241 0.14033 0.81677 0.16332 0.38158 
0.30424 0.31382 0.87941 0.12845 0.30056 
0.29921 0.12553 0.76933 0.08726 0.36488 
0.33238 0.11885 0.86567 0.06997 0.34439 
0.2017 0.20507 0.89075 0.04965 0.32235 
0.30427 0.22859 0.81253 0.06256 0.46611 
0.35894 0.20058 0.79695 0.06957 0.44094 
0.19396 0.17883 0.88526 0.15688 0.41719 
0.74113 0.87929 0.28746 0.00077 0.77931 
0.76134 0.92208 0.3175 0.07052 0.77015 
0.75849 0.87805 0.30216 0.0552 0.84067 
0.85455 0.87381 0.30529 0.00926 0.80737 
0.67861 0.92343 0.22685 0.00699 0.73613 
0.70337 0.85001 0.24609 0.02128 0.83645 
0.75898 0.8385 0.32362 0.00719 0.82605 
0.82406 0.98023 0.2752 0.05439 0.72522 
0.84797 0.84939 0.22064 0.01257 0.72519 
0.73509 0.98356 0.28214 0.0718 0.85224 
0.67111 0.9187 0.26922 0.05596 0.72825 
0.88006 0.91053 0.18319 0.01437 0.82325 
0.82936 0.85165 0.26765 0.06882 0.70503 
0.75683 0.90885 0.24462 0.13444 0.8114 
0.78042 0.85741 0.37858 0.01985 0.7643 
0.76046 0.80009 0.28983 0.06239 0.75051 
0.65894 0.93099 0.30917 0.0027 0.71285 
0.67287 0.9782 0.22429 0.0221 0.86216 
0.66057 0.90707 0.22031 0.07017 0.83612 
0.84983 0.88976 0.26882 0.03277 0.66628 
0.20948 0.62901 0.07591 0.20166 0.87673 
0.23595 0.62494 0.07629 0.22456 0.95277 
0.12086 0.59964 0.11575 0.30577 0.85572 
0.09482 0.58834 0.10019 0.2563 0.9222 
0.15892 0.56314 0.00338 0.24833 0.87789 
0.13202 0.60207 0.05094 0.31146 0.84769 
0.23884 0.53674 0.01357 0.23752 0.89323 
0.20825 0.63669 0.07546 0.36073 0.91499 
0.24768 0.49367 0.03857 0.27494 0.89804 
0.26756 0.67456 0.11695 0.30475 0.87978 
0.10319 0.55436 0.02612 0.291 0.90164 
0.15958 0.58643 0.20486 0.21333 0.85077 
0.24578 0.52545 0.02765 0.22609 0.97124 
0.10818 0.58449 0.00213 0.28442 0.91281 
0.29528 0.63395 0.0244 0.25873 0.92492 
0.19428 0.7136 0.06636 0.27976 0.93057 
0.15322 0.67701 0.03212 0.28679 0.95789 
0.2513 0.46821 0.11723 0.24748 0.86352 
0.26881 0.61297 0.00596 0.31226 0.86151 
0.25111 0.61061 0.0189 0.29233 0.98698 
0.94314 0.38138 0.7232 0.30565 0.78792 
0.91559 0.32365 0.74025 0.31752 0.7746 
0.92944 0.36363 0.84727 0.34446 0.75268 
0.9313 0.39022 0.78147 0.38723 0.71427 
0.95929 0.354 0.75086 0.39814 0.71804 
0.947 0.31264 0.80199 0.24716 0.82334 
0.95697 0.33856 0.84596 0.35095 0.8502 
0.95385 0.44202 0.76736 0.40757 0.78517 
0.86704 0.39273 0.81663 0.25885 0.75427 
0.97074 0.36531 0.7252 0.41727 0.76032 
0.92235 0.30821 0.71695 0.25807 0.79653 
0.85935 0.39002 0.83447 0.31625 0.73808 
0.87664 0.35785 0.83693 0.27871 0.72373 
0.92938 0.41586 0.8131 0.21428 0.76598 
0.96212 0.31626 0.84659 0.24187 0.79847 
0.9572 0.40655 0.8663 0.39472 0.78974 
0.90797 0.30976 0.75705 0.23329 0.75184 
0.97762 0.39902 0.75561 0.3518 0.66141 
0.99492 0.32577 0.81256 0.211 0.77541 
0.91309 0.2941 0.83531 0.24827 0.78928 
0.4041 0.68174 0.69757 0.37925 0.42597 
0.41669 0.7301 0.72504 0.25128 0.40029 
0.35366 0.7023 0.75442 0.27808 0.46613 
0.42154 0.64789 0.71459 0.36894 0.32267 
0.31504 0.6166 0.68582 0.3282 0.36572 
0.45114 0.64517 0.63883 0.29886 0.33469 
0.32566 0.61901 0.73206 0.26311 0.4551 
0.4307 0.70778 0.61805 0.3382 0.42787 
0.35276 0.59509 0.69503 0.25967 0.34587 
0.3186 0.69785 0.72498 0.25612 0.44169 
0.33901 0.64447 0.78715 0.30366 0.44944 
0.31344 0.64339 0.77307 0.29522 0.41093 
0.33443 0.71754 0.69803 0.25061 0.45731 
0.41968 0.54995 0.72748 0.29266 0.38208 
0.44815 0.59552 0.72416 0.26168 0.48005 
0.32733 0.72098 0.74537 0.34082 0.36389 
0.30058 0.61291 0.65465 0.30755 0.39677 
0.36476 0.64145 0.80258 0.29962 0.47324 
0.2918 0.63283 0.70081 0.35228 0.38266 
0.36327 0.66071 0.81408 0.2808 0.45072 
0.95221 0.81777 0.50124 0.21623 0.30058 
0.95431 0.83263 0.56538 0.25655 0.34247 
0.87891 0.80791 0.5693 0.2545 0.29107 
0.95099 0.73633 0.52424 0.22055 0.35026 
0.9228 0.74723 0.56778 0.22955 0.22639 
0.88243 0.74436 0.56606 0.2191 0.24985 
0.97595 0.82177 0.58026 0.2924 0.30674 
0.92604 0.72382 0.6252 0.23677 0.31607 
0.97466 0.76484 0.45152 0.21076 0.30928 
0.89848 0.78127 0.47767 0.27865 0.26979 
0.89736 0.70387 0.52227 0.20055 0.34379 
0.91912 0.76536 0.45969 0.17121 0.26882 
0.84635 0.83029 0.52677 0.18396 0.32873 
0.93269 0.81817 0.51588 0.20187 0.40382 
0.90288 0.80012 0.54599 0.11034 0.30667 
0.83869 0.77517 0.54569 0.20047 0.23738 
0.85179 0.84497 0.53828 0.2576 0.25165 
0.87915 0.83363 0.60358 0.28886 0.33864 
0.95793 0.7308 0.65517 0.21637 0.31478 
0.88512 0.8894 0.57224 0.16636 0.31132 
0.04021 0.47293 0.32844 0.91777 0.71968 
0.07536 0.4387 0.35784 0.86514 0.68851 
0.05103 0.56133 0.29609 0.92592 0.66289 
0.03915 0.42379 0.205 0.88646 0.72912 
0.03508 0.53976 0.34802 0.82595 0.6914 
0.04138 0.47356 0.335 0.78681 0.72267 
0.11081 0.56997 0.25702 0.83625 0.65562 
0.14695 0.45544 0.28578 0.79542 0.6316 
0.05593 0.57829 0.28775 0.92716 0.60701 
0.06321 0.3858 0.36987 0.84456 0.66123 
0.08463 0.44788 0.23546 0.92626 0.76962 
0.00456 0.57757 0.31368 0.9128 0.61841 
0.07147 0.40512 0.34632 0.89222 0.7533 
0.07193 0.37063 0.29458 0.78553 0.67329 
0.07679 0.52397 0.24452 0.84714 0.54428 
0.11955 0.54019 0.36595 0.87137 0.61038 
0.04975 0.4503 0.22638 0.89541 0.79161 
0.06815 0.52339 0.24938 0.75304 0.71026 
0.10653 0.52696 0.16249 0.82419 0.67034 
0.04358 0.5048 0.27084 0.98558 0.57505 
0.96568 0.73918 0.69818 0.08615 0.70213 
0.9099 0.78961 0.69665 0.05916 0.69913 
0.91495 0.76421 0.7 0.04411 0.78464 
0.86756 0.7375 0.74849 0.13241 0.77326 
0.96344 0.73993 0.79542 0.08797 0.73404 
0.89382 0.66501 0.71329 0.11663 0.73898 
0.90245 0.71269 0.74269 0.01832 0.75846 
0.94487 0.77679 0.77007 0.04916 0.6775 
0.86981 0.72079 0.71821 0.1448 0.78252 
0.97611 0.75016 0.75634 0.02233 0.71964 
0.96747 0.69649 0.71352 0.12194 0.80329 
0.8248 0.73077 0.77714 0.0671 0.72423 
0.94641 0.69148 0.67057 0.17311 0.74851 
0.96617 0.72336 0.74025 0.04565 0.81922 
0.85362 0.81612 0.7492 0.14728 0.75149 
0.85518 0.79155 0.65053 0.04934 0.70757 
0.86777 0.75118 0.81896 0.06789 0.76907 
0.83744 0.78537 0.70291 0.09414 0.6544 
0.98868 0.81197 0.74492 0.05145 0.78338 
0.96647 0.6702 0.64077 0.09815 0.71539 
0.47502 0.17209 0.45454 0.67227 0.54338 
0.4943 0.10118 0.36708 0.63649 0.6116 
0.5025 0.13741 0.41797 0.63198 0.48711 
0.5282 0.1458 0.42643 0.60211 0.56503 
0.47571 0.16853 0.39109 0.62066 0.62953 
0.45149 0.0684 0.36521 0.70015 0.52132 
0.54139 0.12075 0.4327 0.59838 0.57609 
0.46255 0.11308 0.42297 0.60547 0.60944 
0.55569 0.15576 0.34748 0.59477 0.57235 
0.50919 0.11891 0.45831 0.73329 0.57614 
0.50613 0.11264 0.45097 0.59361 0.53316 
0.52715 0.15237 0.35581 0.73096 0.62748 
0.51087 0.09629 0.368 0.76064 0.5372 
0.48704 0.12678 0.28401 0.71221 0.56112 
0.48868 0.2159 0.36996 0.74678 0.58116 
0.48594 0.1398 0.45317 0.72579 0.62092 
0.47685 0.12693 0.38132 0.60896 0.64732 
0.49814 0.12903 0.28102 0.64615 0.60177 
0.50656 0.10289 0.34567 0.7647 0.51298 
0.43794 0.06049 0.40195 0.67177 0.61271 
0.10961 0.84357 0.69315 0.69278 0.03454 
0.1336 0.83695 0.70439 0.75588 0.01827 
0.0313 0.85523 0.76014 0.68028 0.03472 
0.10375 0.78054 0.66394 0.73822 0.02101 
0.04211 0.80719 0.70471 0.80183 0.01193 
0.06467 0.90765 0.66218 0.7026 0.02551 
0.117 0.79599 0.78175 0.66334 0.00218 
0.11052 0.81231 0.81377 0.73269 0.01444 
0.00538 0.7912 0.72797 0.77445 0.07765 
0.13626 0.86308 0.74843 0.63446 0.03534 
0.16413 0.817 0.78898 0.72251 0.00785 
0.10667 0.90813 0.73926 0.72403 0.09445 
0.08834 0.90167 0.80981 0.66566 0.01353 
0.09297 0.78729 0.82422 0.6976 0.061 
0.01986 0.93022 0.74729 0.68041 0.07498 
0.17927 0.85956 0.75337 0.73337 0.08869 
0.08788 0.86775 0.82401 0.72461 0.09756 
0.09683 0.91114 0.7967 0.78797 0.08965 
0.04751 0.94235 0.78533 0.78883 0.06061 
0.06248 0.80536 0.59916 0.75877 0.10188 
0.55545 0.7842 0.37044 0.19949 0.15949 
0.63844 0.7817 0.41128 0.22578 0.18715 
0.53699 0.76683 0.46733 0.26064 0.19471 
0.54009 0.77857 0.34758 0.20425 0.13514 
0.61355 0.66962 0.38689 0.23908 0.19071 
0.52788 0.80626 0.41724 0.26288 0.1158 
0.64749 0.69368 0.36682 0.24486 0.14721 
0.58768 0.70425 0.48747 0.28561 0.17543 
0.48443 0.70488 0.38171 0.2322 0.15137 
0.53287 0.70794 0.37447 0.30903 0.11125 
0.58901 0.7467 0.35657 0.15796 0.23224 
0.54614 0.82676 0.4749 0.2602 0.13376 
0.49028 0.67303 0.3937 0.25168 0.19062 
0.61101 0.75354 0.34776 0.23068 0.27366 
0.64688 0.81513 0.35931 0.19961 0.21805 
0.51023 0.82648 0.39387 0.29383 0.12928 
0.6194 0.67664 0.33754 0.18404 0.18559 
0.66846 0.69553 0.44545 0.18996 0.16335 
0.66946 0.78226 0.35277 0.24318 0.10699 
0.65083 0.74889 0.39306 0.14716 0.12818 
0.35809 0.08265 0.04016 0.67647 0.43555 
0.36692 0.01761 0.03087 0.73298 0.52498 
0.35702 0.11077 0.04313 0.63642 0.43875 
0.42106 0.10292 0.0693 0.72306 0.4729 
0.30999 0.07931 0.01908 0.67974 0.38078 
0.24038 0.07751 0.05125 0.73362 0.4779 
0.36929 0.10863 0.10734 0.70891 0.43769 
0.31726 0.05827 0.07628 0.77587 0.53409 
0.36558 0.12122 0.0397 0.63921 0.40114 
0.45061 0.06128 0.01616 0.68245 0.44062 
0.29204 0.00041 0.09041 0.66466 0.47465 
0.39014 0.03889 0.04352 0.59977 0.48498 
0.38703 0.00117 0.08409 0.65266 0.46258 
0.25031 0.06087 0.09233 0.71872 0.5324 
0.38157 0.06543 0.12967 0.76511 0.48257 
0.28032 0.17869 0.04569 0.63596 0.46443 
0.27423 0.06393 0.00879 0.7742 0.58201 
0.28895 0.10377 0.05414 0.59071 0.52768 
0.29111 0.14091 0.12278 0.73334 0.51471 
0.23423 0.03146 0.07963 0.68181 0.5261 
0.64159 0.57252 0.28993 0.41439 0.76443 
0.59254 0.57795 0.2542 0.34445 0.76435 
0.63562 0.60067 0.27069 0.36172 0.74776 
0.60245 0.59056 0.31418 0.42427 0.83314 
0.59166 0.54675 0.25431 0.32628 0.73877 
0.63408 0.5927 0.17036 0.38944 0.79811 
0.58224 0.52585 0.22048 0.43084 0.74312 
0.7021 0.54192 0.25596 0.37067 0.76081 
0.59352 0.54307 0.32813 0.36277 0.73188 
0.52974 0.60409 0.22339 0.40004 0.80352 
0.60824 0.65629 0.21622 0.44272 0.79211 
0.68517 0.54773 0.24316 0.38869 0.70058 
0.57025 0.55247 0.29928 0.37249 0.69375 
0.66373 0.64114 0.24979 0.42663 0.86371 
0.59691 0.5696 0.16807 0.46231 0.79508 
0.64539 0.65229 0.31625 0.44288 0.76476 
0.60291 0.67655 0.22624 0.40575 0.83299 
0.67878 0.57713 0.21639 0.33928 0.70106 
0.62894 0.62649 0.28493 0.29288 0.73885 
0.56865 0.64107 0.23692 0.35728 0.873 
0.9443 0.82565 0.48409 0.48626 0.09081 
0.97824 0.89763 0.45987 0.45623 0.08028 
0.89268 0.84726 0.50049 0.39383 0.08739 
0.98488 0.81038 0.54368 0.42854 0.10915 
0.96875 0.88062 0.44747 0.40314 0.18081 
0.89588 0.81145 0.43919 0.41383 0.13225 
0.90103 0.79855 0.46793 0.42555 0.18613 
0.95034 0.8329 0.51838 0.44989 0.01834 
0.93067 0.85841 0.40146 0.43199 0.04283 
0.89294 0.78023 0.53009 0.46323 0.10877 
0.8737 0.7801 0.51262 0.41066 0.12809 
0.87834 0.88318 0.53915 0.47558 0.09676 
0.90483 0.87276 0.49108 0.4965 0.03941 
0.89488 0.80616 0.52753 0.44789 0.19819 
0.89329 0.83388 0.40847 0.33596 0.09795 
0.85167 0.88029 0.49585 0.50068 0.11418 
0.93285 0.97346 0.47538 0.40192 0.15815 
0.90297 0.89743 0.59691 0.41771 0.13428 
0.9852 0.76285 0.5066 0.38996 0.02104 
0.97713 0.88685 0.36016 0.40783 0.05505 
0.0985 0.62405 0.42232 0.73912 0.94202 
0.04352 0.63125 0.4038 0.73894 0.96254 
0.05279 0.71718 0.42294 0.66188 0.90626 
0.00713 0.63311 0.42669 0.76097 0.8501 
0.02307 0.62676 0.43774 0.64507 0.98368 
0.07662 0.61308 0.48132 0.64242 0.87067 
0.08968 0.64139 0.40065 0.80985 0.89979 
0.13459 0.67183 0.44207 0.76725 0.95994 
0.1292 0.61842 0.46294 0.7237 0.83845 
0.04967 0.66977 0.40645 0.62592 0.84582 
0.03809 0.60431 0.49294 0.64094 0.85274 
0.03613 0.66895 0.53151 0.76672 0.90036 
0.06756 0.68492 0.46864 0.61337 0.87316 
0.10574 0.57741 0.36341 0.67316 0.85309 
0.05163 0.61045 0.53888 0.74301 0.85855 
0.04839 0.52419 0.42222 0.73404 0.97928 
0.11107 0.75921 0.42714 0.72017 0.88641 
0.04768 0.59337 0.37893 0.82506 0.94091 
0.16354 0.58406 0.47053 0.66788 0.89718 
0.05409 0.60906 0.33066 0.63745 0.967 
0.94229 0.19616 0.22682 0.98383 0.01425 
0.91603 0.28993 0.2568 0.95705 0.01403 
0.97135 0.26265 0.31423 0.91563 0.08672 
0.98525 0.22532 0.29162 0.99628 0.13152 
0.97778 0.33528 0.3369 0.96468 0.04846 
0.90002 0.22096 0.27351 0.99681 0.13102 
0.87864 0.27993 0.22115 0.94317 0.05117 
0.94491 0.1683 0.21431 0.92413 0.09996 
0.99623 0.20802 0.39262 0.91137 0.00667 
0.94354 0.13239 0.35732 0.92088 0.06533 
0.85256 0.18131 0.34306 0.92935 0.02238 
0.9339 0.19857 0.19535 0.87521 0.0312 
0.91673 0.27834 0.17168 0.90134 0.04218 
0.90308 0.13029 0.26035 0.95545 0.13386 
0.91772 0.28966 0.40725 0.90193 0.06505 
0.94837 0.18267 0.27242 0.92444 0.18052 
0.96259 0.10783 0.37585 0.94681 0.0882 
0.99264 0.16585 0.26035 0.97779 0.18477 
0.95398 0.2586 0.29331 0.83133 0.10707 
0.83088 0.18628 0.21765 0.99668 0.08337 
0.30301 0.24159 0.08587 0.87034 0.0958 
0.3004 0.28598 0.13322 0.94144 0.11404 
0.31267 0.2765 0.18035 0.85193 0.01947 
0.28526 0.26523 0.18429 0.88737 0.02451 
0.37383 0.26776 0.21896 0.85962 0.0957 
0.30521 0.21376 0.10829 0.90612 0.01551 
0.29507 0.22837 0.19905 0.84243 0.13013 
0.34117 0.31702 0.18719 0.88684 0.03495 
0.37816 0.24546 0.07809 0.94621 0.10373 
0.34251 0.15776 0.14436 0.88653 0.03011 
0.31749 0.28129 0.20394 0.93545 0.14699 
0.3852 0.22577 0.19852 0.85518 0.01172 
0.25658 0.19124 0.14094 0.9203 0.04614 
0.38476 0.23256 0.10333 0.94344 0.1564 
0.33752 0.2138 0.10059 0.87537 0.18539 
0.36924 0.22554 0.1598 0.80142 0.15751 
0.4315 0.26904 0.08954 0.91849 0.06979 
0.32063 0.251 0.26118 0.9254 0.10082 
0.42169 0.24921 0.15703 0.79757 0.07361 
0.36227 0.21222 0.03746 0.91834 0.10992 
0.2549 0.57024 0.42994 0.60952 0.44001 
0.17915 0.64433 0.51263 0.58607 0.42608 
0.1955 0.6651 0.51016 0.63842 0.50934 
0.2077 0.65087 0.52522 0.58378 0.52492 
0.25347 0.64855 0.48779 0.53031 0.49242 
0.22395 0.67445 0.4333 0.63365 0.43992 
0.19703 0.6127 0.521 0.68634 0.51676 
0.25766 0.65538 0.44363 0.68091 0.49204 
0.22189 0.67874 0.4366 0.59551 0.50932 
0.28215 0.67169 0.53663 0.60216 0.42078 
0.15211 0.61189 0.44335 0.6139 0.52424 
0.26113 0.51003 0.51117 0.61566 0.40166 
0.22909 0.53583 0.51246 0.51845 0.4889 
0.13798 0.62401 0.52271 0.55208 0.4774 
0.21599 0.55096 0.58213 0.647 0.41537 
0.16847 0.51305 0.53158 0.57247 0.47927 
0.19331 0.59327 0.43707 0.67607 0.55195 
0.17498 0.7013 0.51986 0.6418 0.45269 
0.25248 0.60164 0.55892 0.57237 0.56581 
0.25751 0.50768 0.40846 0.5721 0.45071 
0.48159 0.53404 0.55822 0.46471 0.35304 
0.54956 0.4535 0.49797 0.4645 0.35187 
0.47931 0.50708 0.51115 0.48541 0.30494 
0.54703 0.50267 0.49964 0.36827 0.32448 
0.52692 0.46245 0.63249 0.41948 0.32034 
0.54921 0.48774 0.63043 0.46572 0.41581 
0.50674 0.59925 0.55156 0.39955 0.3565 
0.61854 0.47702 0.47433 0.46078 0.37545 
0.5783 0.45181 0.6427 0.47701 0.37715 
0.49425 0.53771 0.57715 0.43317 0.24672 
0.59038 0.44707 0.5801 0.45765 0.25837 
0.49057 0.50025 0.57605 0.5329 0.28096 
0.58551 0.44018 0.53615 0.37762 0.40545 
0.57936 0.49815 0.55102 0.52985 0.43363 
0.47744 0.4815 0.65066 0.46866 0.31763 
0.44389 0.56832 0.59372 0.48004 0.37557 
0.59265 0.4585 0.49535 0.48808 0.2638 
0.52181 0.43167 0.62345 0.40469 0.41177 
0.48288 0.47115 0.44197 0.45054 0.32123 
0.58085 0.39696 0.49495 0.42549 0.32402 
0.21825 0.30299 0.72948 0.32357 0.41214 
0.13284 0.28255 0.72129 0.30105 0.42253 
0.21293 0.21514 0.7398 0.30642 0.41375 
0.16806 0.35921 0.66858 0.33167 0.38791 
0.11304 0.22252 0.74261 0.34102 0.4368 
0.13864 0.18128 0.71095 0.33789 0.42958 
0.25717 0.25672 0.64381 0.36783 0.45654 
0.11865 0.20836 0.65396 0.28621 0.41714 
0.12624 0.21451 0.66264 0.27232 0.45449 
0.21 0.37057 0.72017 0.35153 0.386 
0.10641 0.31584 0.70504 0.26184 0.3901 
0.17478 0.27821 0.66651 0.21568 0.42744 
0.1967 0.22105 0.7561 0.391 0.46181 
0.10523 0.35595 0.68693 0.29167 0.42112 
0.13682 0.33131 0.66771 0.40946 0.45121 
0.20428 0.25845 0.66502 0.25367 0.33517 
0.0908 0.35694 0.69951 0.32198 0.40081 
0.28252 0.2824 0.62853 0.29644 0.44277 
0.21221 0.34 0.74795 0.3691 0.49727 
0.24141 0.26991 0.73059 0.39798 0.49663 
0.41344 0.37892 0.13942 0.8121 0.41961 
0.4527 0.39753 0.17451 0.79258 0.4129 
0.45495 0.4552 0.09021 0.77624 0.36327 
0.48756 0.42386 0.16828 0.75795 0.46073 
0.39373 0.43676 0.11063 0.86262 0.42116 
0.40218 0.38112 0.1937 0.79309 0.42977 
0.40746 0.42776 0.03989 0.84484 0.39618 
0.39959 0.38368 0.18467 0.85278 0.43432 
0.47819 0.41835 0.0816 0.84929 0.49879 
0.39451 0.42143 0.05215 0.81071 0.48716 
0.46332 0.46359 0.07189 0.78796 0.51711 
0.39916 0.34779 0.10723 0.71441 0.38357 
0.40681 0.48551 0.12451 0.72588 0.48212 
0.50319 0.49437 0.14953 0.74086 0.46814 
0.35372 0.49538 0.13054 0.76732 0.42192 
0.53256 0.43074 0.20441 0.79711 0.39219 
0.48294 0.40208 0.17256 0.75752 0.51591 
0.38932 0.40966 0.00363 0.81031 0.42522 
0.41133 0.53204 0.12195 0.85281 0.41889 
0.39708 0.48791 0.1661 0.86327 0.46938 
0.49301 0.27066 0.68344 0.12341 0.66806 
0.53533 0.23847 0.69792 0.13719 0.63525 
0.4693 0.26335 0.64338 0.11932 0.64561 
0.52319 0.23695 0.67592 0.0622 0.71424 
0.52211 0.20522 0.7461 0.06856 0.66828 
0.49994 0.21576 0.72165 0.05968 0.72923 
0.54352 0.16006 0.63606 0.09689 0.69945 
0.46738 0.18158 0.62363 0.05716 0.62232 
0.46298 0.16256 0.64803 0.06482 0.71768 
0.5158 0.29555 0.63915 0.17586 0.68184 
0.41853 0.25314 0.67274 0.17386 0.63842 
0.57225 0.27936 0.73592 0.12453 0.68638 
0.51985 0.30377 0.7012 0.16165 0.71797 
0.47233 0.1847 0.6838 0.01034 0.68105 
0.46983 0.15981 0.67162 0.18966 0.63412 
0.5424 0.22114 0.61794 0.12054 0.74984 
0.42077 0.22996 0.70264 0.0567 0.60205 
0.50384 0.13587 0.67594 0.05962 0.72224 
0.57094 0.23306 0.76779 0.14604 0.67201 
0.55496 0.14462 0.63537 0.0587 0.65986 
0.29743 0.77707 0.54297 0.57368 0.54262 
0.34802 0.76993 0.44514 0.58371 0.58358 
0.37909 0.74489 0.54769 0.48361 0.56156 
0.3747 0.82916 0.57169 0.58079 0.53298 
0.41519 0.7098 0.5657 0.51642 0.54822 
0.40505 0.71845 0.44973 0.56429 0.58461 
0.43222 0.79155 0.50303 0.54438 0.60943 
0.39127 0.68738 0.46685 0.56467 0.63368 
0.33742 0.73828 0.43122 0.58993 0.5285 
0.27698 0.73464 0.48108 0.55753 0.5131 
0.30853 0.78945 0.47459 0.57947 0.48979 
0.41584 0.79774 0.54694 0.61485 0.48574 
0.42248 0.73807 0.45993 0.55475 0.50188 
0.36722 0.81257 0.5514 0.67396 0.52902 
0.26739 0.71122 0.53665 0.65714 0.60257 
0.39187 0.73542 0.52154 0.68052 0.64484 
0.38943 0.67671 0.454 0.52298 0.61261 
0.3413 0.72729 0.59078 0.67603 0.6375 
0.23984 0.78715 0.53693 0.58377 0.61759 
0.33141 0.67046 0.60593 0.64448 0.52804 
0.22088 0.03522 0.14122 0.26746 0.82251 
0.22378 0.00494 0.08175 0.29484 0.833 
0.1269 0.02861 0.13531 0.27655 0.78745 
0.16813 0.08082 0.07705 0.23197 0.7565 
0.22603 0.01083 0.10872 0.35156 0.8006 
0.20766 0.07476 0.05006 0.2214 0.76543 
0.1898 0.08257 0.1192 0.30485 0.75175 
0.14681 0.00255 0.04849 0.32402 0.77917 
0.24491 0.02329 0.03551 0.23637 0.85319 
0.26229 0.02577 0.15269 0.32477 0.80582 
0.23624 0.06188 0.03583 0.20662 0.77471 
0.12252 0.02526 0.00985 0.25751 0.81557 
0.15254 0.07562 0.09348 0.16595 0.8143 
0.27281 0.03114 0.19843 0.21254 0.795 
0.15984 0.08437 0.20677 0.25562 0.78073 
0.28174 0.05528 0.15542 0.33644 0.81781 
0.17394 0.04052 0.01693 0.22537 0.70541 
0.24732 0.09418 0.0297 0.28367 0.84457 
0.13261 0.08619 0.09676 0.16653 0.81324 
0.1485 0.13417 0.13838 0.2849 0.77544 
0.46197 0.00634 0.28703 0.50698 0.21996 
0.3785 0.0476 0.36248 0.52192 0.23018 
0.39968 0.06803 0.3225 0.42279 0.27122 
0.33714 0.02804 0.29438 0.4383 0.25106 
0.37757 0.08761 0.31159 0.53778 0.20636 
0.47392 0.04851 0.33596 0.48516 0.1869 
0.45148 0.0429 0.22678 0.44621 0.3004 
0.45466 0.05656 0.24567 0.45829 0.33326 
0.43009 0.07746 0.28975 0.48823 0.16603 
0.4121 0.11237 0.24291 0.49639 0.31098 
0.527 0.04408 0.32374 0.4772 0.26679 
0.29889 0.00572 0.32814 0.4741 0.22925 
0.36974 0.05303 0.35762 0.51472 0.16235 
0.4689 0.06745 0.33199 0.4897 0.36722 
0.31846 0.06213 0.26579 0.57396 0.25007 
0.42582 0.10226 0.29643 0.47176 0.36419 
0.39272 0.11383 0.2867 0.55431 0.34383 
0.38495 0.01453 0.21494 0.5933 0.23328 
0.28475 0.043 0.30206 0.5414 0.22242 
0.38072 0.10082 0.31709 0.56424 0.3625 
0.29426 0.51465 0.92849 0.32223 0.53622 
0.30543 0.46321 0.95649 0.28177 0.61018 
0.35654 0.58291 0.94585 0.23452 0.57147 
0.37346 0.56172 0.96347 0.26571 0.5251 
0.20547 0.59919 0.91166 0.3201 0.54945 
0.20185 0.51817 0.90971 0.3253 0.51799 
0.22443 0.58477 0.93126 0.19995 0.57258 
0.20926 0.48047 0.94532 0.35515 0.59646 
0.22467 0.52485 0.93434 0.25773 0.45858 
0.21076 0.62778 0.90792 0.27033 0.53325 
0.33094 0.53533 0.86363 0.26556 0.55848 
0.34844 0.61827 0.99122 0.35975 0.54552 
0.28864 0.47745 0.90796 0.36148 0.61588 
0.26138 0.51696 0.8514 0.29757 0.59808 
0.2708 0.53994 0.93893 0.23831 0.68366 
0.25248 0.57225 0.9747 0.21534 0.67966 
0.3856 0.49329 0.95237 0.23954 0.60169 
0.18531 0.47932 0.99529 0.24104 0.65311 
0.27996 0.65266 0.89148 0.26803 0.52143 
0.30778 0.62979 0.95488 0.34205 0.46699 
0.09886 0.65622 0.12993 0.1239 0.34281 
0.05369 0.65549 0.09548 0.19368 0.44296 
0.13439 0.65599 0.13411 0.18956 0.48027 
0.09226 0.61446 0.09183 0.23507 0.45987 
0.1124 0.72487 0.06889 0.12189 0.37997 
0.11893 0.71373 0.13075 0.11128 0.3266 
0.03042 0.62347 0.15463 0.23013 0.44487 
0.10121 0.5358 0.16674 0.13693 0.39925 
0.0639 0.59319 0.18184 0.19248 0.47124 
0.15421 0.6767 0.16146 0.07071 0.40365 
0.15796 0.58763 0.20563 0.1902 0.42162 
0.00885 0.57219 0.15721 0.16974 0.38722 
0.03056 0.54747 0.14283 0.14312 0.39307 
0.10192 0.68461 0.17312 0.11891 0.29989 
0.14828 0.63561 0.03245 0.11259 0.36706 
0.13467 0.53963 0.10697 0.15689 0.44922 
0.10823 0.73387 0.17467 0.13346 0.33337 
0.11656 0.57571 0.16269 0.13192 0.48569 
0.17946 0.68811 0.2114 0.16054 0.40304 
0.18562 0.62011 0.14639 0.16392 0.3067 
0.66678 0.78979 0.49694 0.84068 0.70306 
0.69018 0.72739 0.48943 0.87769 0.64726 
0.62102 0.85109 0.47443 0.85469 0.63861 
0.64549 0.76912 0.47691 0.84978 0.74228 
0.60747 0.79866 0.40805 0.85033 0.73108 
0.64313 0.81059 0.37269 0.89248 0.66956 
0.5846 0.76939 0.51136 0.97002 0.64406 
0.6739 0.73569 0.38827 0.89464 0.6331 
0.55406 0.83403 0.50854 0.86919 0.69756 
0.60635 0.78172 0.47795 0.99468 0.68736 
0.69 0.82911 0.47414 0.89567 0.58829 
0.55337 0.73533 0.38874 0.8534 0.61905 
0.58219 0.8733 0.41299 0.87473 0.68363 
0.71204 0.76917 0.38059 0.87765 0.6833 
0.66398 0.85231 0.43543 0.96061 0.61829 
0.65941 0.71126 0.40788 0.97564 0.68729 
0.67914 0.777 0.48974 0.78657 0.71479 
0.599 0.80556 0.53732 0.92912 0.75704 
0.61735 0.75117 0.51125 0.78662 0.72968 
0.66013 0.79226 0.58421 0.91538 0.65235 
0.73762 0.173 0.96195 0.8454 0.72402 
0.79732 0.08989 0.93286 0.7248 0.78663 
0.8479 0.1593 0.95119 0.78411 0.83456 
0.82392 0.2357 0.9479 0.79339 0.76956 
0.84097 0.07254 0.94926 0.82945 0.72351 
0.75454 0.08183 0.90228 0.73066 0.73479 
0.75443 0.104 0.96621 0.7916 0.65973 
0.82822 0.09973 0.88199 0.85591 0.72219 
0.71474 0.16143 0.99241 0.77431 0.66677 
0.8035 0.20725 0.90802 0.70826 0.70873 
0.77101 0.25086 0.94325 0.81378 0.83441 
0.78603 0.16974 0.904 0.90592 0.73476 
0.86411 0.18832 0.85706 0.8013 0.76564 
0.66993 0.0988 0.91793 0.75862 0.75158 
0.89214 0.16075 0.95082 0.80705 0.8466 
0.68644 0.10276 0.88794 0.77236 0.81359 
0.78155 0.22989 0.96886 0.69571 0.81977 
0.75215 0.18113 0.88761 0.69145 0.71525 
0.67684 0.13996 0.91022 0.86735 0.74291 
0.71119 0.22372 0.94493 0.70007 0.79144 
0.58849 0.90585 0.86306 0.34089 0.96882 
0.53412 0.86463 0.85966 0.39162 0.91667 
0.61771 0.86879 0.86757 0.45637 0.97893 
0.58975 0.94633 0.86783 0.43569 0.9708 
0.56889 0.85149 0.86924 0.45021 0.92019 
0.54632 0.84129 0.84723 0.31092 0.96191 
0.52196 0.94 0.89811 0.47799 0.98596 
0.61433 0.89373 0.87913 0.39465 0.90489 
0.59739 0.81563 0.94551 0.45822 0.98807 
0.52758 0.78691 0.91048 0.42026 0.93576 
0.55434 0.82352 0.8518 0.30428 0.95272 
0.51388 0.93403 0.83733 0.41732 0.92072 
0.48108 0.82329 0.87323 0.32342 0.95866 
0.54933 0.94867 0.82751 0.36483 0.9179 
0.45209 0.79337 0.87545 0.39833 0.98506 
0.48365 0.83039 0.94172 0.30005 0.99027 
0.63468 0.93 0.96205 0.46198 0.98278 
0.5314 0.95282 0.86721 0.3867 0.87908 
0.42296 0.84112 0.84803 0.38516 0.96047 
0.60102 0.91082 0.81193 0.326 0.90922 
0.44171 0.22609 0.47236 0.2815 0.11883 
0.36955 0.30451 0.43286 0.22713 0.1746 
0.42749 0.20506 0.44989 0.23688 0.23376 
0.48539 0.26544 0.43368 0.2185 0.15988 
0.36635 0.26885 0.39898 0.2221 0.14818 
0.3911 0.26902 0.39262 0.26607 0.18944 
0.42941 0.28543 0.49622 0.15643 0.16294 
0.40483 0.30198 0.45673 0.16428 0.19048 
0.38811 0.21131 0.39613 0.16729 0.13945 
0.41892 0.16617 0.45342 0.28245 0.10413 
0.43488 0.28378 0.4228 0.27572 0.245 
0.46371 0.23906 0.36843 0.2113 0.17572 
0.47117 0.24295 0.50685 0.14447 0.16009 
0.38946 0.19991 0.4497 0.15293 0.09652 
0.38184 0.32575 0.49999 0.22977 0.23681 
0.48654 0.28706 0.54019 0.21037 0.18658 
0.40588 0.21681 0.49442 0.34616 0.12748 
0.42657 0.20023 0.43017 0.33495 0.20619 
0.45868 0.24102 0.46759 0.30584 0.0713 
0.50491 0.32078 0.49072 0.25442 0.14553 
0.81616 0.6161 0.28592 0.04625 0.50043 
0.8344 0.64225 0.30647 0.04131 0.57745 
0.79997 0.57418 0.34511 0.06056 0.50378 
0.81476 0.62128 0.33052 0.14114 0.54409 
0.88165 0.67069 0.281 0.07629 0.53042 
0.7559 0.64062 0.35052 0.10587 0.57258 
0.79412 0.54283 0.2427 0.03915 0.52199 
0.76904 0.53792 0.26707 0.09954 0.56734 
0.79856 0.62656 0.26391 0.16991 0.55596 
0.8167 0.60357 0.38078 0.11795 0.53207 
0.85471 0.59727 0.2381 0.10292 0.46297 
0.71792 0.63213 0.28236 0.00591 0.57224 
0.74294 0.54092 0.29185 0.03043 0.56291 
0.80439 0.58659 0.34756 0.14102 0.59223 
0.89677 0.65439 0.25392 0.10283 0.593 
0.7574 0.60726 0.37577 0.05879 0.46936 
0.7104 0.62258 0.34455 0.03989 0.58552 
0.80716 0.59143 0.23444 0.05769 0.4281 
0.73943 0.61578 0.38557 0.02084 0.53845 
0.76688 0.69572 0.33718 0.00807 0.60118 
0.10593 0.61029 0.92977 0.72591 0.86709 
0.12636 0.63995 0.98983 0.6892 0.74341 
0.11914 0.64865 0.9763 0.77685 0.80493 
0.16958 0.61749 0.95337 0.66713 0.7341 
0.14241 0.55463 0.9366 0.76848 0.84132 
0.16564 0.57729 0.99041 0.78129 0.79808 
0.14919 0.54929 0.91102 0.64051 0.78936 
0.05819 0.60534 0.90167 0.68688 0.78451 
0.14682 0.57607 0.98548 0.72897 0.91104 
0.11165 0.69768 0.90039 0.72452 0.77116 
0.15859 0.65106 0.97133 0.80044 0.88142 
0.22655 0.54953 0.94292 0.7694 0.78852 
0.1019 0.64264 0.8522 0.69253 0.76137 
0.12879 0.51439 0.94257 0.76168 0.77065 
0.06013 0.63514 0.97178 0.60817 0.81747 
0.18759 0.5581 0.9774 0.76479 0.89958 
0.06986 0.53342 0.94077 0.67509 0.86763 
0.07903 0.57826 0.92941 0.60368 0.79772 
0.24462 0.54654 0.99232 0.67742 0.83589 
0.2541 0.61724 0.93337 0.67659 0.7486 
0.61494 0.87954 0.71901 0.69787 0.5388 
0.65993 0.8274 0.73693 0.69697 0.43831 
0.6033 0.87536 0.68187 0.65855 0.53343 
0.56757 0.85637 0.69867 0.65308 0.486 
0.60637 0.83493 0.69824 0.70115 0.42442 
0.60295 0.86432 0.73578 0.71586 0.55615 
0.62739 0.90912 0.74618 0.73679 0.44822 
0.61333 0.84628 0.7856 0.61955 0.49986 
0.67087 0.78994 0.73582 0.71374 0.53477 
0.64553 0.94692 0.71805 0.66136 0.44204 
0.69521 0.80374 0.73891 0.73486 0.50607 
0.60849 0.88242 0.63174 0.69068 0.44798 
0.72461 0.82381 0.68236 0.71428 0.48067 
0.54385 0.85259 0.68574 0.70621 0.46109 
0.58184 0.86013 0.67035 0.59602 0.51294 
0.60439 0.76748 0.70812 0.7355 0.46725 
0.6254 0.8561 0.63135 0.72215 0.42176 
0.63131 0.96379 0.73381 0.7385 0.50174 
0.61964 0.95055 0.72786 0.62875 0.55542 
0.65468 0.75249 0.77635 0.7006 0.45605 
0.69148 0.97565 0.29132 0.25745 0.40968 
0.65195 0.94041 0.26821 0.28877 0.35539 
0.70791 0.97659 0.29236 0.28352 0.40637 
0.66887 0.96245 0.33447 0.33588 0.40721 
0.67609 0.86498 0.28624 0.28706 0.38225 
0.64235 0.99273 0.1572 0.28173 0.37673 
0.75569 0.95967 0.23443 0.34707 0.41072 
0.65635 0.95675 0.23009 0.38376 0.39114 
0.70329 0.97051 0.20876 0.25203 0.27001 
0.76353 0.95152 0.34654 0.23352 0.35729 
0.66214 0.90059 0.20316 0.23391 0.29242 
0.76207 0.98955 0.33434 0.32403 0.32134 
0.66013 0.94866 0.31111 0.29488 0.49507 
0.72988 0.96054 0.1866 0.33886 0.44646 
0.62301 0.95116 0.38096 0.26118 0.41357 
0.57209 0.94452 0.34565 0.2672 0.3596 
0.70104 0.99276 0.15957 0.28158 0.46097 
0.6203 0.96586 0.2133 0.29352 0.2564 
0.59301 0.96397 0.23302 0.15729 0.38162 
0.69606 0.98659 0.22016 0.39043 0.30733 
0.48624 0.94234 0.53968 0.22483 0.84143 
0.51582 0.94535 0.59538 0.24569 0.8327 
0.41741 0.95253 0.54471 0.17285 0.93134 
0.43356 0.9975 0.50208 0.24372 0.92758 
0.45646 0.96274 0.56207 0.22142 0.97238 
0.42308 0.93533 0.53857 0.29224 0.88547 
0.46601 0.97761 0.5141 0.16774 0.96649 
0.52153 0.92671 0.62154 0.27305 0.84779 
0.42661 0.93397 0.49333 0.25061 0.92662 
0.46671 0.94768 0.52567 0.17596 0.74615 
0.52605 0.89009 0.57443 0.2491 0.88588 
0.5108 0.96477 0.62353 0.10053 0.84287 
0.52641 0.9914 0.45049 0.18109 0.83861 
0.54985 0.96646 0.47389 0.19647 0.89984 
0.53878 0.98281 0.61657 0.122 0.90774 
0.43444 0.97065 0.62726 0.30151 0.8178 
0.47732 0.99129 0.4748 0.25681 0.94418 
0.44675 0.88309 0.55866 0.2153 0.76775 
0.5048 0.97096 0.62908 0.23896 0.74883 
0.40482 0.92162 0.55696 0.22316 0.97292 
0.15889 0.03113 0.54932 0.62577 0.62966 
0.16406 0.06263 0.57223 0.59637 0.65118 
0.11266 0.03201 0.48335 0.57312 0.59758 
0.2199 0.03895 0.47584 0.60666 0.68622 
0.17871 0.01247 0.60328 0.5181 0.69559 
0.17252 0.00553 0.44456 0.61763 0.58766 
0.16811 0.0231 0.58448 0.55101 0.73424 
0.16097 0.01836 0.59221 0.63282 0.57146 
0.19788 0.07987 0.60468 0.59409 0.66119 
0.12047 0.00201 0.45537 0.60804 0.57879 
0.20092 0.00927 0.46739 0.49116 0.70097 
0.11048 0.04108 0.51402 0.66465 0.69556 
0.22359 0.02146 0.61584 0.64103 0.68894 
0.15746 0.05502 0.5195 0.68818 0.67412 
0.23972 0.06462 0.52792 0.48238 0.6195 
0.19208 0.02992 0.59591 0.59594 0.75329 
0.10717 0.09304 0.59735 0.58539 0.68032 
0.18391 0.00526 0.55052 0.50324 0.52794 
0.23611 0.03475 0.51594 0.47048 0.58481 
0.18289 0.02211 0.63845 0.54635 0.72944 
0.31624 0.39937 0.27031 0.33722 0.8187 
0.35816 0.41043 0.31672 0.40049 0.8348 
0.31088 0.29922 0.32952 0.41937 0.81312 
0.3177 0.29129 0.27049 0.44687 0.91147 
0.30553 0.43339 0.32949 0.40923 0.80673 
0.36269 0.3621 0.20361 0.35165 0.85076 
0.41505 0.34099 0.32151 0.40617 0.84146 
0.32968 0.38262 0.22463 0.4745 0.86527 
0.26067 0.40983 0.25523 0.38933 0.93806 
0.36483 0.30975 0.27283 0.45881 0.792 
0.3873 0.37221 0.25853 0.30317 0.87302 
0.30631 0.2917 0.31905 0.4885 0.86839 
0.30562 0.34894 0.38771 0.3807 0.78514 
0.31236 0.36614 0.29974 0.42028 0.73716 
0.30022 0.3912 0.18471 0.37939 0.79445 
0.4266 0.38927 0.26381 0.41476 0.88907 
0.33155 0.41495 0.28169 0.28455 0.90205 
0.39737 0.31683 0.24289 0.30796 0.85427 
0.24768 0.36996 0.30501 0.40016 0.74575 
0.41158 0.41361 0.25733 0.33371 0.84045 
0.65548 0.98914 0.20467 0.81427 0.84445 
0.57274 0.9358 0.21529 0.8664 0.82912 
0.61179 0.99836 0.22486 0.90022 0.77367 
0.59768 0.95308 0.24075 0.82505 0.79487 
0.68441 0.9074 0.21925 0.90213 0.79948 
0.68881 0.99793 0.15909 0.81486 0.88532 
0.69218 0.96373 0.25286 0.82963 0.78629 
0.65347 0.98129 0.21911 0.80888 0.92225 
0.61346 0.95972 0.2334 0.93791 0.76415 
0.60957 0.92274 0.24629 0.87065 0.75869 
0.57635 0.95713 0.1693 0.81315 0.78492 
0.66027 0.94553 0.32019 0.85857 0.8392 
0.69867 0.89661 0.20708 0.94565 0.81743 
0.67817 0.97498 0.28276 0.78678 0.84059 
0.6786 0.9408 0.18646 0.95091 0.92583 
0.64341 0.95076 0.22116 0.91842 0.7339 
0.62523 0.95506 0.20549 0.76774 0.78543 
0.60573 0.90411 0.2692 0.79383 0.8342 
0.70758 0.93714 0.16801 0.77222 0.85822 
0.65222 0.96877 0.16832 0.86409 0.97318 
0.86338 0.50108 0.33275 0.40471 0.4402 
0.72892 0.45052 0.37656 0.40177 0.39922 
0.86819 0.50343 0.35549 0.4012 0.41018 
0.77003 0.35707 0.35899 0.4148 0.43368 
0.90582 0.41842 0.39505 0.41772 0.43569 
0.81471 0.38837 0.43975 0.42183 0.37881 
0.75912 0.44922 0.38071 0.38965 0.34712 
0.81298 0.38002 0.30766 0.37375 0.48203 
0.76506 0.40094 0.40008 0.3306 0.44113 
0.76211 0.44103 0.26403 0.39998 0.46095 
0.79149 0.3953 0.37936 0.50599 0.49978 
0.79903 0.40194 0.46414 0.38749 0.38029 
0.77602 0.43496 0.44145 0.33006 0.4242 
0.80312 0.43445 0.37924 0.29601 0.44737 
0.86798 0.45157 0.42379 0.31926 0.42958 
0.78464 0.54979 0.4083 0.4645 0.46226 
0.7675 0.39584 0.36912 0.50644 0.51355 
0.91148 0.4371 0.312 0.45356 0.37368 
0.87125 0.41984 0.42587 0.50078 0.50747 
0.82285 0.36632 0.40361 0.50674 0.50743 
0.04687 0.19836 0.25337 0.02695 0.3788 
0.01927 0.19416 0.15609 0.11731 0.3639 
0.01471 0.17762 0.15032 0.1165 0.42975 
0.08187 0.25437 0.22194 0.09491 0.38634 
0.01613 0.26162 0.16697 0.0055 0.43082 
0.04626 0.28131 0.23596 0.11986 0.41114 
0.04611 0.25202 0.11428 0.04127 0.35247 
0.10968 0.15726 0.20227 0.11031 0.43355 
0.05647 0.26308 0.20511 0.01647 0.31441 
0.12874 0.24681 0.23714 0.06595 0.36671 
0.05856 0.3101 0.23866 0.003 0.38498 
0.00954 0.19766 0.15112 0.04629 0.28056 
0.03079 0.17623 0.32408 0.06345 0.37029 
0.08993 0.14455 0.12421 0.0956 0.35414 
0.13188 0.16888 0.15381 0.02734 0.37837 
0.064 0.25518 0.27972 0.10579 0.32047 
0.09131 0.23074 0.08987 0.10004 0.42823 
0.14885 0.24497 0.17136 0.09817 0.39669 
0.04684 0.23692 0.22809 0.01622 0.28291 
0.02539 0.33769 0.23866 0.10971 0.42996 
0.73098 0.14246 0.56611 0.87859 0.42538 
0.69389 0.1855 0.58738 0.9433 0.43588 
0.70062 0.20576 0.60644 0.90225 0.48075 
0.63879 0.14695 0.57656 0.82133 0.49941 
0.69395 0.15298 0.55719 0.90171 0.35524 
0.72284 0.16436 0.52856 0.91318 0.38891 
0.67836 0.14905 0.61161 0.80115 0.39578 
0.63204 0.23872 0.52372 0.90738 0.41139 
0.6183 0.15602 0.61816 0.80064 0.39547 
0.60234 0.18272 0.48453 0.89583 0.41587 
0.6568 0.14352 0.53876 0.80905 0.51665 
0.56803 0.22496 0.55913 0.85788 0.46936 
0.66069 0.10771 0.64564 0.80216 0.45475 
0.65086 0.18498 0.45329 0.87029 0.41542 
0.6515 0.18154 0.60462 0.82148 0.54329 
0.64877 0.26 0.58477 0.92272 0.37139 
0.72255 0.26408 0.56418 0.91352 0.4205 
0.63316 0.06996 0.59819 0.82947 0.50221 
0.70048 0.27659 0.57466 0.87819 0.38499 
0.69852 0.18907 0.65011 0.92447 0.5239 
0.45587 0.38089 0.25842 0.1789 0.02383 
0.41726 0.32144 0.27087 0.15728 0.03242 
0.43979 0.31996 0.20722 0.23389 0.00065 
0.42851 0.34489 0.16696 0.24119 0.00704 
0.40326 0.39688 0.28191 0.17463 0.12614 
0.3254 0.39094 0.25417 0.15774 0.08947 
0.43465 0.39625 0.21975 0.28197 0.00995 
0.43935 0.30581 0.30958 0.18772 0.06522 
0.34727 0.30177 0.19508 0.22249 0.11952 
0.33179 0.32436 0.30371 0.22478 0.0344 
0.40071 0.34924 0.2534 0.23461 0.16247 
0.36702 0.27985 0.17946 0.15407 0.09193 
0.47427 0.32652 0.14654 0.22533 0.06114 
0.34917 0.34388 0.198 0.13763 0.13959 
0.39007 0.29058 0.14613 0.23353 0.01218 
0.49916 0.42849 0.22664 0.17016 0.0822 
0.40055 0.3167 0.15086 0.12385 0.00893 
0.33402 0.32232 0.20645 0.1874 0.15977 
0.29335 0.40684 0.18443 0.25589 0.01926 
0.33952 0.25063 0.25627 0.20579 0.10868 
0.69552 0.15137 0.54781 0.76232 0.618 
0.62814 0.13681 0.49852 0.82699 0.65671 
0.61363 0.19195 0.4837 0.80435 0.57723 
0.61664 0.11509 0.58193 0.7781 0.59989 
0.67466 0.18709 0.52454 0.72344 0.637 
0.6568 0.14352 0.53876 0.80905 0.51665 
0.64187 0.06311 0.52734 0.81516 0.55302 
0.63772 0.20378 0.48573 0.81739 0.68016 
0.68203 0.11805 0.56968 0.77737 0.69309 
0.6907 0.14312 0.49906 0.73114 0.52871 
0.75148 0.17604 0.51347 0.74828 0.59861 
0.58137 0.12728 0.52823 0.76686 0.69501 
0.69533 0.24021 0.5458 0.777 0.63919 
0.74099 0.08947 0.48698 0.76915 0.55791 
0.6515 0.18154 0.60462 0.82148 0.54329 
0.73936 0.07649 0.5509 0.74513 0.61862 
0.67999 0.15013 0.43001 0.86825 0.57264 
0.68755 0.26112 0.5275 0.8007 0.61465 
0.75352 0.13846 0.5476 0.73487 0.65809 
0.67036 0.2354 0.51001 0.73196 0.54713 
0.93541 0.80586 0.70185 0.94134 0.54527 
0.82761 0.82547 0.74755 0.92371 0.56053 
0.83966 0.82146 0.74766 0.91142 0.51773 
0.86108 0.8796 0.68433 0.89322 0.52164 
0.95002 0.75956 0.75731 0.98081 0.50383 
0.9703 0.79586 0.71545 0.87239 0.63492 
0.96096 0.84599 0.69968 0.89299 0.47425 
0.92204 0.8212 0.73897 0.85578 0.64969 
0.8944 0.85361 0.79456 0.96913 0.49995 
0.95145 0.85182 0.61974 0.90656 0.60361 
0.90621 0.6973 0.73756 0.89229 0.58264 
0.90794 0.94079 0.70352 0.94847 0.5595 
0.91275 0.74392 0.82345 0.90785 0.55993 
0.95456 0.83042 0.71204 0.95975 0.68628 
0.81711 0.78511 0.67798 0.96391 0.64141 
0.87287 0.71565 0.77511 0.96892 0.51476 
0.84847 0.84602 0.72737 0.91056 0.45074 
0.90841 0.9013 0.73763 0.87678 0.64816 
0.97666 0.83605 0.66999 0.89132 0.6674 
0.802 0.81368 0.68232 0.85436 0.5521 
0.54482 0.56497 0.47369 0.62914 0.88428 
0.59182 0.60378 0.51156 0.63155 0.86733 
0.57689 0.55303 0.51217 0.68368 0.91986 
0.53142 0.55379 0.52761 0.60327 0.91047 
0.58989 0.57963 0.50284 0.69908 0.91952 
0.54904 0.63416 0.52992 0.67087 0.87674 
0.52204 0.48316 0.52364 0.68228 0.88817 
0.63535 0.50773 0.53737 0.60851 0.88909 
0.47879 0.53264 0.5136 0.69225 0.87579 
0.57326 0.60223 0.42373 0.69993 0.84142 
0.4898 0.57567 0.54072 0.6049 0.81614 
0.54621 0.65354 0.49129 0.58167 0.87342 
0.62538 0.56779 0.47429 0.58365 0.93595 
0.61755 0.59043 0.42766 0.7113 0.87444 
0.5502 0.66194 0.45083 0.62035 0.87377 
0.57016 0.57027 0.51812 0.70194 0.97263 
0.51663 0.55802 0.59714 0.70652 0.87705 
0.59572 0.58707 0.44901 0.69124 0.77768 
0.54306 0.58812 0.62689 0.64107 0.86758 
0.59637 0.52491 0.47993 0.68934 0.97288 
0.86698 0.10582 0.91374 0.21455 0.42521 
0.88405 0.09444 0.95768 0.15938 0.48666 
0.87953 0.11983 0.85626 0.18256 0.47714 
0.90694 0.17381 0.92084 0.128 0.45932 
0.89033 0.11882 0.95658 0.27908 0.41564 
0.936 0.15845 0.8723 0.22405 0.37466 
0.96444 0.16581 0.88205 0.13287 0.47141 
0.91767 0.04141 0.86183 0.24841 0.44745 
0.89035 0.03288 0.90698 0.27338 0.44919 
0.95925 0.03674 0.87911 0.21991 0.42724 
0.90852 0.07969 0.91454 0.09553 0.41823 
0.90259 0.22579 0.8955 0.15154 0.40285 
0.95075 0.10451 0.81823 0.16969 0.47503 
0.84229 0.08347 0.93637 0.16892 0.56575 
0.90661 0.15777 0.98087 0.2073 0.57452 
0.81989 0.15389 0.90946 0.13632 0.37291 
0.90533 0.19562 0.99362 0.29036 0.42154 
0.98537 0.10375 0.93594 0.20151 0.36557 
0.93269 0.11443 0.88589 0.24276 0.57843 
0.92623 0.22085 0.95192 0.29114 0.41732 
0.00312 0.9228 0.54939 0.46153 0.05164 
0.03429 0.86953 0.54327 0.49429 0.16321 
0.09236 0.91112 0.63718 0.46459 0.05202 
0.0198 0.90938 0.66229 0.51638 0.02062 
0.11432 0.86724 0.61145 0.41803 0.10144 
0.03678 0.89369 0.68103 0.45863 0.02041 
0.00933 0.96066 0.61574 0.52288 0.16213 
0.07666 0.85223 0.64264 0.4302 0.16797 
0.00199 0.8348 0.50172 0.41788 0.04618 
0.02993 0.77404 0.52875 0.50178 0.1143 
0.03 0.87868 0.50488 0.51919 0.17648 
0.12937 0.86977 0.56527 0.51313 0.02961 
0.00046 0.81951 0.53483 0.40373 0.02551 
0.14785 0.86742 0.60663 0.51311 0.13039 
0.03708 0.84961 0.72188 0.49899 0.09399 
0.12785 0.87236 0.60103 0.56907 0.08349 
0.09417 0.90506 0.66304 0.41108 0.02567 
0.00225 0.84983 0.70596 0.46377 0.15786 
0.01876 0.9514 0.64508 0.57008 0.15359 
0.12326 0.81092 0.59378 0.44943 0.01867 
0.10796 0.40393 0.27205 0.59551 0.59934 
0.10093 0.46012 0.27695 0.60092 0.58401 
0.19922 0.44633 0.29607 0.54658 0.57865 
0.14529 0.45609 0.33052 0.55526 0.50305 
0.11963 0.35572 0.26075 0.65139 0.62503 
0.12621 0.45319 0.25059 0.49826 0.54096 
0.06593 0.4407 0.21898 0.65635 0.52701 
0.12445 0.45379 0.36408 0.60499 0.5166 
0.03753 0.47123 0.27944 0.54787 0.55082 
0.06371 0.38864 0.35329 0.61233 0.54485 
0.21106 0.44719 0.31197 0.51995 0.54862 
0.09796 0.32169 0.27588 0.65518 0.59787 
0.20297 0.47891 0.22588 0.57635 0.64338 
0.18075 0.38273 0.20289 0.56531 0.48907 
0.20078 0.38023 0.2427 0.53632 0.49449 
0.15045 0.30946 0.22067 0.58356 0.54015 
0.14784 0.40054 0.31023 0.64374 0.68195 
0.06213 0.33721 0.23566 0.6207 0.63231 
0.10937 0.31567 0.28743 0.57194 0.49638 
0.02624 0.37067 0.32769 0.6294 0.59904 
0.65195 0.94041 0.26821 0.28877 0.35539 
0.64235 0.99273 0.1572 0.28173 0.37673 
0.51117 0.98938 0.24727 0.32232 0.43514 
0.69148 0.97565 0.29132 0.25745 0.40968 
0.65635 0.95675 0.23009 0.38376 0.39114 
0.57209 0.94452 0.34565 0.2672 0.3596 
0.62197 0.92868 0.14899 0.26992 0.44815 
0.57289 0.90759 0.21589 0.33239 0.29644 
0.59301 0.96397 0.23302 0.15729 0.38162 
0.70791 0.97659 0.29236 0.28352 0.40637 
0.56085 0.89851 0.18753 0.24375 0.30349 
0.6203 0.96586 0.2133 0.29352 0.2564 
0.66887 0.96245 0.33447 0.33588 0.40721 
0.52951 0.8717 0.22506 0.32642 0.33374 
0.63829 0.95916 0.2361 0.39983 0.44771 
0.53346 0.87136 0.20547 0.33038 0.433 
0.67609 0.86498 0.28624 0.28706 0.38225 
0.66463 0.98309 0.13746 0.35441 0.35385 
0.66214 0.90059 0.20316 0.23391 0.29242 
0.66013 0.94866 0.31111 0.29488 0.49507 
0.20549 0.54627 0.72272 0.92836 0.63696 
0.22882 0.50335 0.73927 0.91852 0.69532 
0.31841 0.58419 0.71425 0.96736 0.66945 
0.19682 0.53815 0.76713 0.86517 0.67153 
0.16214 0.55664 0.77335 0.97938 0.67933 
0.20243 0.49045 0.67151 0.979 0.57056 
0.25135 0.6446 0.77429 0.92425 0.63762 
0.28851 0.56862 0.65902 0.86313 0.60856 
0.23068 0.64191 0.75468 0.89476 0.66707 
0.28736 0.52912 0.63731 0.88191 0.61762 
0.25845 0.52785 0.7303 0.91746 0.52142 
0.17953 0.47865 0.75007 0.88868 0.5802 
0.15042 0.54604 0.70579 0.88792 0.56237 
0.20927 0.58185 0.68927 0.82158 0.64872 
0.15013 0.52542 0.6348 0.94285 0.66809 
0.29086 0.5855 0.83117 0.94916 0.64599 
0.21492 0.60081 0.65025 0.90388 0.72688 
0.30525 0.54501 0.7059 0.85002 0.70814 
0.13376 0.57146 0.69115 0.86698 0.66875 
0.17519 0.52337 0.71033 0.83382 0.6881 
0.4289 0.88243 0.34279 0.69242 0.38633 
0.38618 0.94262 0.35094 0.79624 0.35317 
0.35731 0.95 0.28054 0.74628 0.38328 
0.42618 0.93042 0.27587 0.80313 0.37492 
0.38809 0.94866 0.39954 0.69545 0.33823 
0.42357 0.90023 0.27437 0.79328 0.41605 
0.47616 0.9217 0.27037 0.69225 0.39579 
0.46767 0.86227 0.26564 0.72441 0.31211 
0.46913 0.94916 0.38005 0.69434 0.3892 
0.4162 0.89635 0.41472 0.72266 0.30527 
0.37167 0.91253 0.32069 0.63351 0.34229 
0.33408 0.84546 0.3408 0.75476 0.31627 
0.35021 0.93135 0.33177 0.80867 0.29996 
0.46138 0.90775 0.24262 0.68998 0.30905 
0.50495 0.94832 0.38232 0.72341 0.34788 
0.31815 0.91504 0.33411 0.75278 0.42243 
0.31811 0.89855 0.26223 0.77365 0.32937 
0.44008 0.84723 0.42204 0.72989 0.33687 
0.47414 0.88723 0.34758 0.81576 0.2946 
0.50018 0.89054 0.34337 0.67233 0.2906 
0.39584 0.19679 0.73876 0.51111 0.28524 
0.39272 0.24258 0.78293 0.49823 0.21611 
0.43558 0.23652 0.80176 0.44477 0.21278 
0.33591 0.15165 0.76804 0.45458 0.23513 
0.37793 0.2244 0.84434 0.51637 0.29331 
0.48513 0.13639 0.77967 0.5149 0.29634 
0.34714 0.18553 0.78594 0.46916 0.32555 
0.42786 0.14105 0.69878 0.50379 0.30496 
0.41251 0.24547 0.79722 0.42675 0.33099 
0.46306 0.09237 0.81748 0.51977 0.29823 
0.42551 0.29508 0.82764 0.44742 0.27119 
0.49037 0.09323 0.74335 0.50709 0.27827 
0.48555 0.19556 0.70865 0.51872 0.31398 
0.35928 0.09169 0.83396 0.50093 0.18684 
0.32925 0.12546 0.73463 0.54602 0.27641 
0.39998 0.18315 0.73653 0.54463 0.35628 
0.35441 0.14474 0.87893 0.47218 0.17636 
0.38566 0.30198 0.78986 0.42679 0.26694 
0.49376 0.09744 0.83611 0.44032 0.28555 
0.43767 0.2447 0.85553 0.38561 0.22462 
0.00473 0.72106 0.88471 0.96868 0.23155 
0.02887 0.66955 0.91723 0.99008 0.18696 
0.06554 0.68134 0.89998 0.85694 0.22128 
0.07226 0.71915 0.88548 0.96064 0.25056 
0.03653 0.64057 0.85189 0.90131 0.27874 
0.0314 0.65911 0.82358 0.90793 0.28786 
0.04398 0.66982 0.80487 0.97782 0.16856 
0.08074 0.72034 0.83037 0.91292 0.14367 
0.01597 0.6738 0.9058 0.88915 0.09698 
0.10077 0.66714 0.88651 0.87885 0.14382 
0.08816 0.78011 0.88609 0.93461 0.21222 
0.00602 0.68669 0.89879 0.85768 0.306 
0.02467 0.6107 0.84241 0.97353 0.28242 
0.12032 0.74645 0.84045 0.89756 0.22116 
0.00322 0.66021 0.84959 0.80237 0.26976 
0.10069 0.76915 0.95587 0.93067 0.16909 
0.0862 0.69055 0.94627 0.82432 0.14984 
0.03068 0.60504 0.77056 0.87669 0.20807 
0.02058 0.79938 0.94201 0.87674 0.2748 
0.10768 0.59947 0.9295 0.93528 0.2549 
0.66759 0.31274 0.77093 0.34014 0.52737 
0.73412 0.30912 0.73261 0.39361 0.5745 
0.72471 0.42083 0.73525 0.33084 0.55421 
0.65985 0.45174 0.79712 0.38612 0.55535 
0.64514 0.40931 0.79742 0.31746 0.5386 
0.60023 0.32151 0.73073 0.34711 0.49087 
0.68607 0.32808 0.86244 0.4201 0.48519 
0.79428 0.35134 0.74782 0.35029 0.52405 
0.62533 0.40732 0.81626 0.46158 0.54021 
0.63088 0.34199 0.72617 0.46177 0.43785 
0.70883 0.35455 0.7713 0.50938 0.55693 
0.76486 0.39308 0.74105 0.30729 0.50247 
0.74338 0.39282 0.7711 0.33323 0.42939 
0.72643 0.42883 0.79072 0.4898 0.51742 
0.68543 0.46332 0.80406 0.35189 0.47248 
0.61389 0.33864 0.66584 0.35079 0.51511 
0.73861 0.28559 0.79924 0.47938 0.49224 
0.73978 0.30412 0.71867 0.30339 0.47786 
0.677 0.4347 0.72045 0.29121 0.53946 
0.72997 0.24344 0.72301 0.42275 0.47687 
0.24264 0.8536 0.55857 0.03254 0.54786 
0.30401 0.91075 0.58209 0.01076 0.6215 
0.19452 0.86049 0.59839 0.04541 0.53547 
0.26894 0.93469 0.61417 0.05298 0.51219 
0.26649 0.93152 0.6277 0.03412 0.50179 
0.28536 0.91533 0.58826 0.12724 0.56785 
0.35257 0.82084 0.57782 0.00532 0.60301 
0.27573 0.88911 0.53762 0.12276 0.53992 
0.22167 0.88943 0.66055 0.00701 0.5328 
0.31004 0.83886 0.66556 0.07753 0.55244 
0.2991 0.9418 0.51835 0.01642 0.64115 
0.23389 0.84823 0.52213 0.12703 0.5807 
0.26359 0.76036 0.56742 0.03299 0.5371 
0.19364 0.84303 0.65046 0.02215 0.63656 
0.23392 0.94358 0.49891 0.091 0.59691 
0.30804 0.90926 0.46085 0.02971 0.58416 
0.33879 0.90429 0.62903 0.11066 0.51491 
0.30529 0.9563 0.61826 0.05948 0.48665 
0.31015 0.7708 0.60813 0.02853 0.64485 
0.24489 0.85761 0.54813 0.1381 0.50437 
0.36119 0.23474 0.33896 0.58821 0.15452 
0.3491 0.2746 0.34804 0.52033 0.19297 
0.31176 0.26195 0.38932 0.54282 0.11774 
0.42015 0.25849 0.33493 0.59711 0.17175 
0.29166 0.29939 0.341 0.56837 0.15947 
0.36689 0.19919 0.43844 0.49595 0.18245 
0.31405 0.2547 0.26788 0.57244 0.20579 
0.33609 0.18521 0.35482 0.45242 0.16213 
0.30838 0.31423 0.35711 0.5174 0.1577 
0.33174 0.21062 0.32588 0.50285 0.08686 
0.30651 0.24911 0.25747 0.52989 0.18234 
0.37318 0.13434 0.41492 0.50544 0.16462 
0.29158 0.26278 0.25947 0.55985 0.16756 
0.41347 0.26271 0.27508 0.5257 0.14089 
0.3173 0.14157 0.39739 0.60414 0.13144 
0.4034 0.33572 0.37055 0.54482 0.15784 
0.42572 0.23303 0.3854 0.48916 0.10211 
0.26718 0.28747 0.40202 0.53725 0.12035 
0.33347 0.13591 0.37716 0.58373 0.09205 
0.2647 0.2855 0.39604 0.59746 0.13094 
0.77831 0.86964 0.80511 0.14633 0.35605 
0.80751 0.90489 0.71757 0.26297 0.37127 
0.82675 0.86638 0.76647 0.1008 0.32136 
0.80163 0.85116 0.73101 0.28186 0.30399 
0.8428 0.92756 0.79684 0.0991 0.31013 
0.75993 0.87168 0.73085 0.24435 0.38484 
0.85493 0.87763 0.8083 0.11346 0.37596 
0.77296 0.92385 0.71145 0.12191 0.33139 
0.77258 0.85449 0.81738 0.1992 0.22116 
0.85673 0.80512 0.75316 0.15076 0.28402 
0.92506 0.89964 0.77165 0.21881 0.26171 
0.92647 0.95914 0.77228 0.19281 0.32202 
0.79638 0.95905 0.7291 0.15155 0.39898 
0.81434 0.87846 0.85421 0.29949 0.28445 
0.74894 0.96471 0.83237 0.16709 0.3779 
0.80154 0.79274 0.85533 0.21326 0.32911 
0.72031 0.9258 0.73205 0.21923 0.25341 
0.83568 0.93447 0.72672 0.31387 0.31995 
0.85194 0.97389 0.86698 0.22729 0.37768 
0.73327 0.89428 0.78291 0.30331 0.35725 
0.58346 0.48478 0.50473 0.75506 0.82848 
0.63749 0.47859 0.56912 0.77233 0.82958 
0.51663 0.55802 0.59714 0.70652 0.87705 
0.63344 0.51141 0.5408 0.84085 0.8635 
0.54974 0.55622 0.5019 0.79669 0.96448 
0.57689 0.55303 0.51217 0.68368 0.91986 
0.5927 0.5538 0.47454 0.74573 0.94061 
0.52204 0.48316 0.52364 0.68228 0.88817 
0.64048 0.45163 0.5123 0.75121 0.87673 
0.54854 0.47218 0.64009 0.78891 0.85863 
0.58989 0.57963 0.50284 0.69908 0.91952 
0.64744 0.52191 0.58929 0.78531 0.82177 
0.63809 0.52614 0.49002 0.79487 0.94972 
0.50003 0.59451 0.59823 0.73925 0.89243 
0.55207 0.47245 0.64567 0.77849 0.93983 
0.58294 0.53103 0.66105 0.73566 0.85646 
0.57016 0.57027 0.51812 0.70194 0.97263 
0.60001 0.50196 0.47022 0.7577 0.80373 
0.47879 0.53264 0.5136 0.69225 0.87579 
0.60944 0.4594 0.50261 0.80513 0.97139 
0.27846 0.46644 0.07718 0.54983 0.65093 
0.29555 0.45265 0.12568 0.49158 0.7038 
0.28837 0.38732 0.04909 0.4634 0.63401 
0.25632 0.45448 0.08197 0.56503 0.642 
0.27504 0.51711 0.0484 0.48415 0.65772 
0.2652 0.50949 0.04721 0.515 0.62208 
0.30787 0.41488 0.05204 0.53417 0.58872 
0.20702 0.40234 0.0618 0.54621 0.67398 
0.23156 0.38254 0.12494 0.46161 0.70665 
0.28919 0.46326 0.0296 0.41314 0.62355 
0.2734 0.44978 0.06565 0.48423 0.76812 
0.34385 0.4786 0.11737 0.54777 0.63391 
0.30864 0.51994 0.06753 0.53606 0.61917 
0.21891 0.40469 0.13823 0.53896 0.64461 
0.36695 0.42822 0.12214 0.52266 0.69055 
0.25258 0.50281 0.14874 0.53019 0.65314 
0.27461 0.41995 0.02162 0.49176 0.76092 
0.29298 0.48949 0.11221 0.44746 0.57925 
0.3262 0.39919 0.14517 0.5079 0.73464 
0.29211 0.47258 0.00335 0.56458 0.71272 
0.244 0.05508 0.28756 0.73413 0.03076 
0.22861 0.0489 0.33169 0.72273 0.01553 
0.28442 0.12044 0.19798 0.75544 0.06933 
0.22258 0.04864 0.25098 0.72812 0.12248 
0.24434 0.02555 0.17332 0.69789 0.05388 
0.20403 0.07414 0.27685 0.82004 0.03024 
0.24059 0.12998 0.18397 0.69122 0.02161 
0.28434 0.06782 0.37018 0.72227 0.06538 
0.25658 0.07778 0.15204 0.77176 0.06256 
0.34373 0.06734 0.21347 0.80863 0.06916 
0.2883 0.11814 0.33229 0.81381 0.00594 
0.38519 0.04879 0.2895 0.75865 0.07166 
0.30587 0.08925 0.19664 0.62789 0.02045 
0.23051 0.15225 0.18676 0.73678 0.0982 
0.26615 0.01168 0.15298 0.73154 0.10453 
0.27346 0.08294 0.34945 0.65174 0.10725 
0.30073 0.03045 0.19208 0.68053 0.14523 
0.13621 0.03307 0.2668 0.69784 0.08383 
0.21431 0.1173 0.26342 0.62001 0.09968 
0.18135 0.16357 0.30586 0.68006 0.05371 
0.49394 0.08825 0.52688 0.32547 0.7112 
0.49422 0.07374 0.60531 0.34536 0.70522 
0.53302 0.01302 0.57668 0.36975 0.63664 
0.55908 0.07004 0.56096 0.41429 0.64257 
0.5121 0.00706 0.53241 0.34831 0.71831 
0.40642 0.04581 0.54487 0.35864 0.60013 
0.44504 0.12239 0.53184 0.28667 0.71785 
0.49502 0.11736 0.53218 0.45152 0.63232 
0.40427 0.09699 0.57091 0.43034 0.69338 
0.41602 0.11842 0.61593 0.32536 0.72102 
0.4353 0.14928 0.46809 0.37856 0.67763 
0.52444 0.02946 0.52813 0.28651 0.72804 
0.43401 0.03463 0.60283 0.27975 0.61178 
0.52905 0.08707 0.59994 0.25329 0.68735 
0.50065 0.17726 0.53412 0.41002 0.72739 
0.407 0.14314 0.54578 0.3212 0.58665 
0.48356 0.20091 0.49416 0.3533 0.66335 
0.38113 0.14233 0.49244 0.34909 0.63595 
0.57627 0.11297 0.54795 0.44241 0.69468 
0.45662 0.06686 0.48246 0.43095 0.75297 
0.68269 0.22192 0.06707 0.41772 0.38958 
0.67253 0.19091 0.16805 0.44457 0.39315 
0.67697 0.24614 0.18433 0.51944 0.42967 
0.76081 0.19793 0.17473 0.47095 0.34869 
0.62703 0.283 0.06569 0.45905 0.42828 
0.69207 0.14838 0.10945 0.43965 0.35491 
0.73228 0.32837 0.155 0.49184 0.42779 
0.76322 0.21592 0.11145 0.53626 0.44612 
0.71767 0.27831 0.12355 0.37061 0.35362 
0.63762 0.18769 0.12566 0.39445 0.37937 
0.65595 0.2866 0.07754 0.37756 0.35854 
0.74731 0.34819 0.10951 0.52498 0.39395 
0.66985 0.34999 0.12253 0.52544 0.36566 
0.71575 0.31703 0.08092 0.50012 0.29591 
0.76703 0.23227 0.12677 0.46256 0.2809 
0.7224 0.34416 0.16006 0.50625 0.33842 
0.70571 0.26445 0.1198 0.36039 0.44737 
0.75514 0.23343 0.0552 0.3729 0.37806 
0.65422 0.31837 0.14213 0.39219 0.43473 
0.68204 0.31357 0.18125 0.56094 0.39547 
0.08656 0.63225 0.05246 0.17406 0.63851 
0.0007 0.65913 0.07606 0.19583 0.66127 
0.04665 0.55006 0.01189 0.18661 0.72126 
0.07396 0.59781 0.06991 0.28191 0.62703 
0.06933 0.61753 0.05894 0.19762 0.71382 
0.08696 0.4916 0.01158 0.23643 0.61705 
0.05664 0.52822 0.04711 0.1214 0.69528 
0.0027 0.53456 0.11031 0.18748 0.69155 
0.13435 0.55749 0.03209 0.14043 0.57401 
0.11927 0.60796 0.01262 0.27897 0.67662 
0.14342 0.65806 0.03219 0.20184 0.64228 
0.14919 0.5607 0.07079 0.22733 0.62643 
0.15248 0.61513 0.02513 0.16559 0.669 
0.03447 0.65426 0.12448 0.26432 0.58213 
0.03716 0.63228 0.06501 0.18104 0.47749 
0.00846 0.42581 0.03549 0.20708 0.62163 
0.00981 0.46428 0.11396 0.18616 0.57519 
0.00635 0.45465 0.03412 0.18903 0.51824 
0.11751 0.65321 0.12862 0.18934 0.57653 
0.08601 0.60834 0.0743 0.31762 0.5478 
0.16196 0.01592 0.67868 0.82741 0.663 
0.16816 0.11389 0.70124 0.83705 0.69406 
0.04175 0.00897 0.71646 0.84136 0.61596 
0.09673 0.01009 0.80379 0.8812 0.641 
0.06333 0.00341 0.66706 0.8138 0.75553 
0.14142 0.04562 0.58901 0.8375 0.69468 
0.15483 0.09896 0.72779 0.77233 0.61017 
0.05213 0.05506 0.76844 0.88722 0.72295 
0.19918 0.0829 0.68107 0.93319 0.61955 
0.20354 0.12927 0.68908 0.83774 0.61897 
0.14798 0.03835 0.76925 0.84884 0.80007 
0.09222 0.06684 0.71865 0.71854 0.70814 
0.16619 0.09078 0.72861 0.84978 0.54914 
0.05918 0.05483 0.69126 0.74353 0.7364 
0.13526 0.03754 0.71805 0.69479 0.63198 
0.0912 0.05117 0.80222 0.83349 0.56205 
0.13004 0.04283 0.82924 0.88156 0.75981 
0.27661 0.02296 0.77033 0.81247 0.6329 
0.04906 0.033 0.6197 0.85381 0.76623 
0.12782 0.02248 0.60478 0.96195 0.65682 
0.65047 0.19412 0.81859 0.38739 0.47314 
0.70316 0.18134 0.8218 0.34905 0.43165 
0.64372 0.17417 0.8619 0.34341 0.43178 
0.58254 0.20273 0.78257 0.41493 0.46599 
0.67519 0.24128 0.83277 0.45372 0.46055 
0.66143 0.22014 0.84685 0.4614 0.40606 
0.62741 0.19359 0.79199 0.27705 0.42624 
0.64445 0.14212 0.84229 0.32415 0.37631 
0.67501 0.17144 0.87612 0.44715 0.46218 
0.71151 0.22756 0.84904 0.45658 0.4671 
0.76867 0.17614 0.82459 0.394 0.41142 
0.68007 0.25876 0.7058 0.32253 0.44625 
0.64471 0.18168 0.81928 0.27902 0.49372 
0.72997 0.24344 0.72301 0.42275 0.47687 
0.67514 0.20743 0.86895 0.28226 0.44736 
0.59889 0.22895 0.737 0.29609 0.41106 
0.61464 0.20981 0.73645 0.4739 0.39859 
0.69247 0.27476 0.76492 0.40069 0.34216 
0.67842 0.09491 0.8658 0.40552 0.42786 
0.69006 0.28771 0.74367 0.30001 0.42754 
0.10933 0.55241 0.68623 0.91351 0.5972 
0.09491 0.55994 0.73196 0.92076 0.56415 
0.03498 0.50736 0.63878 0.9195 0.5224 
0.09945 0.48938 0.75891 0.92244 0.54748 
0.09441 0.57032 0.75225 0.81883 0.5856 
0.01786 0.49603 0.65995 0.95038 0.53376 
0.15042 0.54604 0.70579 0.88792 0.56237 
0.03285 0.4624 0.65423 0.80468 0.55497 
0.10509 0.5003 0.61903 0.9172 0.55158 
0.07059 0.43175 0.6422 0.88361 0.65375 
0.02392 0.50545 0.68855 0.98462 0.64851 
0.0824 0.50699 0.78171 0.82159 0.65367 
0.13376 0.57146 0.69115 0.86698 0.66875 
0.05188 0.48827 0.66697 0.97384 0.53074 
0.1398 0.46344 0.62852 0.85101 0.57779 
0.15105 0.52781 0.63007 0.86561 0.56121 
0.01655 0.4505 0.61302 0.88755 0.66442 
0.03784 0.52438 0.6027 0.83698 0.67529 
0.00472 0.50357 0.76176 0.93669 0.51652 
0.01244 0.51447 0.7826 0.97439 0.58451 
0.30774 0.25016 0.57371 0.45243 0.10713 
0.4014 0.19599 0.59535 0.52077 0.11094 
0.32266 0.19679 0.53541 0.4433 0.08715 
0.37379 0.24808 0.50547 0.45358 0.13506 
0.36158 0.21064 0.57325 0.56156 0.09713 
0.27952 0.23896 0.55592 0.4408 0.14302 
0.36795 0.25479 0.60877 0.46252 0.03663 
0.29284 0.24448 0.5355 0.52804 0.09043 
0.30036 0.28358 0.52854 0.49743 0.11293 
0.30361 0.24501 0.57925 0.51902 0.1882 
0.33695 0.19468 0.57298 0.54951 0.17812 
0.32057 0.24397 0.56226 0.47654 0.02007 
0.27677 0.24614 0.60417 0.46019 0.18637 
0.27612 0.28605 0.56233 0.46923 0.07781 
0.4171 0.24543 0.64464 0.42111 0.07756 
0.40013 0.19544 0.52544 0.45724 0.03014 
0.34622 0.20543 0.6543 0.5596 0.08597 
0.33075 0.22278 0.64152 0.3817 0.15443 
0.31954 0.20679 0.61451 0.4951 0.01027 
0.35232 0.14111 0.50855 0.47283 0.19011 
0.11606 0.00148 0.41589 0.9267 0.82079 
0.10047 0.12244 0.3895 0.8927 0.71492 
0.15749 0.00166 0.33927 0.94636 0.79926 
0.12923 0.04979 0.33318 0.84279 0.85077 
0.05939 0.09157 0.32196 0.94014 0.73683 
0.16451 0.03515 0.38563 0.82134 0.80893 
0.14148 0.03656 0.41739 0.88829 0.69679 
0.11996 0.16446 0.39214 0.89472 0.83413 
0.19433 0.02873 0.37543 0.94778 0.73057 
0.19191 0.13538 0.42186 0.9356 0.77316 
0.12372 0.03391 0.31095 0.84116 0.85637 
0.09431 0.04569 0.42128 0.92695 0.67947 
0.09615 0.03553 0.39553 0.88238 0.89641 
0.12041 0.0065 0.32689 0.85582 0.69509 
0.16763 0.01085 0.29931 0.88568 0.8554 
0.00839 0.03595 0.39085 0.96722 0.81418 
0.22337 0.01616 0.36913 0.96446 0.77727 
0.02829 0.1124 0.28937 0.88123 0.82146 
0.11318 0.08551 0.42559 0.79143 0.71963 
0.07669 0.03206 0.28331 0.92614 0.6961 
0.62311 0.62076 0.8533 0.82834 0.49686 
0.61951 0.63293 0.83621 0.83204 0.44995 
0.57807 0.56229 0.77748 0.85664 0.51907 
0.58934 0.53422 0.78134 0.80127 0.53963 
0.60513 0.54869 0.73903 0.82143 0.50523 
0.59536 0.54894 0.85072 0.8252 0.40633 
0.65071 0.65731 0.82015 0.85082 0.53152 
0.64674 0.58826 0.91036 0.85033 0.47881 
0.53117 0.5835 0.74941 0.83705 0.53267 
0.53129 0.55608 0.80783 0.77087 0.41657 
0.6096 0.56849 0.72292 0.75915 0.50921 
0.63911 0.65471 0.77564 0.82459 0.56112 
0.69725 0.63207 0.8356 0.81015 0.44495 
0.56562 0.53348 0.82964 0.71671 0.44999 
0.57123 0.55526 0.88992 0.88596 0.53549 
0.55994 0.53463 0.76074 0.73168 0.45899 
0.58112 0.55586 0.91511 0.87446 0.5126 
0.57192 0.52329 0.86132 0.71365 0.49923 
0.51446 0.61914 0.84142 0.83849 0.41113 
0.67191 0.66551 0.75936 0.77389 0.5057 
0.83359 0.47315 0.81011 0.55314 0.38945 
0.93168 0.45475 0.77412 0.6101 0.38732 
0.9445 0.49759 0.79918 0.51714 0.47725 
0.91898 0.50087 0.83913 0.59697 0.39769 
0.88146 0.52112 0.75015 0.56107 0.31411 
0.83918 0.59776 0.7652 0.59498 0.40747 
0.88452 0.43772 0.78951 0.55962 0.35487 
0.98124 0.52059 0.79651 0.51668 0.40723 
0.96555 0.53686 0.6934 0.58096 0.37872 
0.94224 0.49822 0.69668 0.5161 0.48769 
0.9006 0.47671 0.82175 0.63215 0.45835 
0.8634 0.55638 0.66081 0.59899 0.44195 
0.91384 0.41318 0.72501 0.52539 0.45308 
0.94995 0.5879 0.71308 0.61163 0.37326 
0.90695 0.54975 0.71532 0.44632 0.44257 
0.85232 0.47867 0.85979 0.59871 0.40507 
0.90963 0.58554 0.79623 0.46735 0.46876 
0.77697 0.545 0.76438 0.53531 0.36131 
0.85716 0.44204 0.81852 0.50272 0.35056 
0.8413 0.5817 0.79315 0.46616 0.376 
0.95415 0.14815 0.91279 0.28282 0.26187 
0.96304 0.12017 0.85579 0.26276 0.25544 
0.9785 0.10756 0.90039 0.31993 0.20806 
0.93549 0.15858 0.91706 0.31571 0.30499 
0.94745 0.14987 0.93762 0.30334 0.18685 
0.83722 0.11222 0.87601 0.25817 0.26408 
0.88313 0.05143 0.90254 0.29563 0.30049 
0.90415 0.1244 0.85937 0.36263 0.29765 
0.9653 0.061 0.8849 0.22141 0.27047 
0.85953 0.14305 0.91096 0.20376 0.22292 
0.90225 0.18274 0.83412 0.35794 0.24202 
0.91268 0.19061 0.85164 0.22191 0.27361 
0.95573 0.01569 0.88144 0.29423 0.25712 
0.86137 0.1006 0.86051 0.37716 0.28154 
0.87736 0.08785 0.85164 0.24382 0.33292 
0.86159 0.1988 0.91014 0.3031 0.16962 
0.993 0.16681 0.89575 0.32251 0.16082 
0.83958 0.02697 0.92454 0.28587 0.22607 
0.85915 0.17838 0.80822 0.3465 0.25452 
0.87732 0.20963 0.91926 0.30217 0.32691 
0.06865 0.82342 0.1963 0.41773 0.46918 
0.02108 0.96269 0.219 0.41126 0.43859 
0.02938 0.82726 0.25345 0.40556 0.3791 
0.0347 0.8627 0.14597 0.38478 0.44303 
0.06847 0.89351 0.1922 0.3351 0.50857 
0.124 0.82385 0.27761 0.41179 0.46398 
0.06984 0.89853 0.33845 0.42756 0.5306 
0.02606 0.78885 0.29177 0.4309 0.38576 
0.11746 0.94351 0.20876 0.41254 0.43239 
0.02385 0.90099 0.27258 0.27582 0.46189 
0.03582 0.75677 0.26879 0.42739 0.42746 
0.14925 0.88425 0.23309 0.42028 0.43984 
0.00949 0.80869 0.33523 0.38563 0.55414 
0.0195 0.87287 0.11042 0.43947 0.47182 
0.04091 0.9705 0.20089 0.47252 0.39421 
0.05685 0.9259 0.33503 0.49733 0.41283 
0.04674 0.73101 0.27842 0.40836 0.48863 
0.12708 0.79986 0.1948 0.42791 0.41088 
0.13637 0.77593 0.26001 0.40313 0.4477 
0.03606 0.93724 0.3505 0.31757 0.40806 
0.25692 0.64055 0.83631 0.48598 0.94949 
0.26389 0.59419 0.83534 0.50124 0.98666 
0.275 0.68591 0.91067 0.5129 0.94509 
0.38991 0.63371 0.84702 0.51464 0.97904 
0.28126 0.64654 0.9305 0.52225 0.94574 
0.26135 0.61216 0.84077 0.54716 0.90518 
0.24559 0.63443 0.80624 0.50043 0.89491 
0.36205 0.67125 0.81522 0.41829 0.92248 
0.24704 0.69442 0.88006 0.55941 0.96491 
0.20496 0.68428 0.86808 0.53198 0.96512 
0.24077 0.61505 0.94728 0.4918 0.95942 
0.33251 0.58008 0.90398 0.40472 0.93799 
0.31457 0.6615 0.7896 0.55546 0.84816 
0.18691 0.66094 0.85514 0.50771 0.99706 
0.1955 0.64817 0.81778 0.54179 0.99561 
0.35174 0.77897 0.81808 0.48688 0.96574 
0.27246 0.71517 0.88289 0.57697 0.87748 
0.30699 0.62776 0.78654 0.61999 0.93161 
0.3469 0.6395 0.83788 0.48389 0.81761 
0.30604 0.72265 0.90275 0.53837 0.85279 
0.69065 0.23463 0.97632 0.14155 0.26154 
0.63483 0.32748 0.94507 0.16435 0.37519 
0.74789 0.21903 0.99844 0.26127 0.32603 
0.57773 0.28291 0.97802 0.13893 0.37267 
0.6081 0.21227 0.9901 0.24585 0.3879 
0.62636 0.16943 0.98683 0.22576 0.35334 
0.70346 0.16961 0.93272 0.20759 0.30694 
0.6348 0.35864 0.94514 0.18591 0.40168 
0.62095 0.23316 0.91006 0.22597 0.38461 
0.66386 0.24903 0.88414 0.13867 0.28514 
0.69561 0.30501 0.93341 0.20207 0.42908 
0.66178 0.27414 0.99972 0.06361 0.33828 
0.6107 0.35365 0.99223 0.30062 0.31814 
0.56985 0.33024 0.99824 0.24399 0.38403 
0.62878 0.28614 0.97848 0.32992 0.32952 
0.74703 0.28254 0.91199 0.13816 0.37422 
0.69142 0.28289 0.92002 0.31145 0.28465 
0.75597 0.28166 0.90749 0.14216 0.36463 
0.75965 0.16701 0.99157 0.22471 0.32964 
0.69809 0.21624 0.95067 0.11946 0.40764 
0.0251 0.07154 0.18077 0.09979 0.83109 
0.05869 0.08761 0.12962 0.12769 0.91556 
0.12809 0.13651 0.166 0.0652 0.89403 
0.06298 0.04023 0.21562 0.05196 0.82936 
0.00911 0.05355 0.21238 0.02729 0.86825 
0.10907 0.0595 0.19323 0.06527 0.92214 
0.12534 0.12539 0.13201 0.11577 0.85795 
0.105 0.10015 0.15472 0.05073 0.78216 
0.0937 0.13019 0.17548 0.01456 0.93386 
0.12514 0.06282 0.10147 0.1038 0.87319 
0.0114 0.16758 0.20531 0.04223 0.86221 
0.01225 0.16832 0.12184 0.04141 0.81223 
0.13115 0.0329 0.16344 0.01998 0.8248 
0.01088 0.02772 0.19812 0.11543 0.90096 
0.11329 0.04529 0.14261 0.14375 0.89067 
0.13988 0.16949 0.13278 0.06803 0.85809 
0.00369 0.0222 0.17776 0.05834 0.94564 
0.0307 0.13285 0.08055 0.12862 0.92565 
0.12787 0.08857 0.09283 0.02842 0.95191 
0.0754 0.1167 0.06489 0.09659 0.77659 
0.20076 0.83505 0.83599 0.21957 0.294 
0.22957 0.82429 0.90204 0.2112 0.27396 
0.23782 0.79864 0.92775 0.24241 0.24316 
0.13267 0.88548 0.88842 0.18076 0.2801 
0.23411 0.84931 0.85023 0.1706 0.26656 
0.19109 0.90474 0.9221 0.18627 0.23814 
0.21376 0.81622 0.80942 0.28327 0.24112 
0.22888 0.81873 0.87516 0.18332 0.34671 
0.25733 0.81206 0.86572 0.17443 0.31022 
0.15771 0.85144 0.93334 0.21047 0.19092 
0.15489 0.83862 0.86887 0.34418 0.34365 
0.1662 0.84337 0.7988 0.32518 0.31602 
0.23214 0.84143 0.91226 0.14726 0.31982 
0.19773 0.81405 0.93831 0.34857 0.2381 
0.26267 0.79299 0.94021 0.30343 0.3253 
0.14762 0.85692 0.84129 0.19475 0.18523 
0.1329 0.75301 0.89082 0.23763 0.34744 
0.26232 0.94692 0.83817 0.25081 0.25366 
0.19542 0.80334 0.82031 0.33393 0.34889 
0.13169 0.88794 0.85394 0.35141 0.33674 
0.4671 0.52968 0.27458 0.99543 0.4027 
0.49845 0.55428 0.3191 0.93241 0.37097 
0.47492 0.56395 0.30412 0.91019 0.3497 
0.45557 0.52226 0.22109 0.98291 0.42101 
0.49937 0.5837 0.31467 0.93726 0.40892 
0.51462 0.57096 0.33884 0.94612 0.38576 
0.52298 0.55066 0.2899 0.95853 0.32889 
0.49891 0.4588 0.23544 0.97998 0.44482 
0.54919 0.55312 0.29968 0.89386 0.37307 
0.44952 0.49114 0.23073 0.83991 0.38029 
0.41763 0.57405 0.27001 0.88109 0.48352 
0.3352 0.48593 0.28915 0.93598 0.37431 
0.42847 0.6468 0.31485 0.93901 0.40956 
0.48687 0.46963 0.19465 0.9664 0.44427 
0.4041 0.42873 0.34001 0.96834 0.37626 
0.40339 0.5067 0.34784 0.84669 0.43298 
0.36621 0.54581 0.35228 0.86941 0.38704 
0.33887 0.53484 0.31568 0.99933 0.40898 
0.45848 0.48206 0.27241 0.9885 0.50538 
0.55505 0.51313 0.3511 0.93591 0.4191 
0.30096 0.05596 0.56313 0.65526 0.38957 
0.29881 0.05757 0.59383 0.68634 0.38819 
0.31892 0.0707 0.63266 0.62562 0.494 
0.28351 0.11534 0.55338 0.592 0.3821 
0.30907 0.08858 0.58995 0.7191 0.44561 
0.23566 0.02109 0.61928 0.65404 0.37971 
0.34423 0.02649 0.62113 0.5485 0.45572 
0.34676 0.12772 0.56965 0.58037 0.34488 
0.35291 0.13894 0.63203 0.68985 0.36903 
0.33399 0.07973 0.71172 0.62368 0.45004 
0.27458 0.08698 0.70019 0.61467 0.46485 
0.37327 0.09171 0.64543 0.66678 0.48973 
0.24568 0.07089 0.66491 0.56719 0.46156 
0.31622 0.04095 0.62069 0.66817 0.30907 
0.41719 0.07946 0.61748 0.62061 0.47314 
0.33077 0.09503 0.7123 0.63442 0.47441 
0.29524 0.10995 0.51623 0.70176 0.37597 
0.23787 0.14939 0.62763 0.70206 0.41345 
0.37073 0.07953 0.603 0.692 0.51148 
0.36374 0.16609 0.61033 0.66623 0.33635 
0.78616 0.03812 0.5404 0.40329 0.2063 
0.79054 0.0482 0.54617 0.35568 0.26823 
0.68084 0.01977 0.55791 0.3478 0.19579 
0.71226 0.01218 0.59144 0.29232 0.23504 
0.73208 0.00424 0.48122 0.45464 0.21048 
0.73126 0.05269 0.62934 0.37154 0.17607 
0.6932 0.0145 0.58496 0.29954 0.30849 
0.81269 0.03006 0.48125 0.44442 0.20814 
0.76046 0.05817 0.65588 0.33593 0.20966 
0.66122 0.05958 0.53481 0.37949 0.14894 
0.77381 0.0966 0.48997 0.39947 0.29482 
0.76211 0.0349 0.60599 0.46926 0.15498 
0.72731 0.01305 0.56502 0.35732 0.10448 
0.79975 0.0034 0.59219 0.38181 0.12061 
0.79251 0.02333 0.51805 0.4527 0.14005 
0.85396 0.05828 0.51305 0.4177 0.24693 
0.69651 0.09693 0.52833 0.40895 0.32427 
0.67316 0.02326 0.51609 0.26338 0.25995 
0.77528 0.03348 0.65432 0.43568 0.31268 
0.63452 0.04715 0.51832 0.4454 0.18512 
0.58594 0.13453 0.1565 0.2725 0.56083 
0.54438 0.17199 0.12859 0.30786 0.59151 
0.63548 0.10345 0.19109 0.31904 0.5803 
0.56558 0.15975 0.12106 0.3686 0.55316 
0.51141 0.0879 0.11313 0.29019 0.57159 
0.5918 0.08154 0.18491 0.38236 0.63275 
0.56822 0.0704 0.1435 0.34464 0.66922 
0.51141 0.17012 0.1757 0.2524 0.60666 
0.58211 0.0696 0.10534 0.23691 0.61662 
0.55012 0.05686 0.16697 0.36771 0.66583 
0.58977 0.08878 0.0718 0.32583 0.65939 
0.63486 0.09193 0.15406 0.30769 0.68518 
0.46208 0.15695 0.17825 0.34755 0.58285 
0.50595 0.12222 0.14062 0.21912 0.62183 
0.50175 0.13068 0.07138 0.26552 0.56498 
0.51668 0.21932 0.15945 0.29408 0.65512 
0.50061 0.08895 0.09428 0.36126 0.5249 
0.63268 0.13177 0.18503 0.34257 0.47915 
0.56203 0.19195 0.16602 0.29613 0.48059 
0.65891 0.09746 0.19739 0.23733 0.62676 
0.31357 0.7778 0.42814 0.31106 0.96507 
0.17182 0.83272 0.4697 0.3493 0.98272 
0.29113 0.9143 0.48112 0.40368 0.95329 
0.36565 0.77267 0.46855 0.31518 0.99727 
0.35062 0.84256 0.41073 0.29343 0.97053 
0.28208 0.85327 0.52732 0.35547 0.89193 
0.25278 0.78962 0.47651 0.24598 0.94621 
0.33827 0.81178 0.46207 0.4485 0.9673 
0.29241 0.75482 0.54556 0.28698 0.95405 
0.21449 0.8026 0.41668 0.25121 0.97182 
0.23095 0.91278 0.45315 0.35633 0.90489 
0.28475 0.76187 0.43603 0.39363 0.90007 
0.36784 0.91981 0.50936 0.34944 0.9812 
0.29405 0.86969 0.47134 0.22706 0.94209 
0.28561 0.94767 0.51931 0.29643 0.97078 
0.20267 0.80756 0.53083 0.28007 0.90923 
0.19856 0.85207 0.3933 0.43989 0.98418 
0.38689 0.8055 0.41288 0.33962 0.92299 
0.32665 0.80483 0.55999 0.29488 0.9034 
0.26445 0.81875 0.4906 0.47095 0.91586 
0.10709 0.03707 0.69056 0.82962 0.17394 
0.00531 0.01772 0.65992 0.83471 0.15577 
0.05524 0.06092 0.62631 0.82353 0.22568 
0.10894 0.08942 0.65113 0.90582 0.1507 
0.08577 0.08765 0.69967 0.853 0.2278 
0.1419 0.01726 0.59535 0.79822 0.18052 
0.14572 0.0576 0.66048 0.80619 0.0962 
0.05632 0.02418 0.66044 0.93465 0.22476 
0.01413 0.05658 0.61728 0.81655 0.20124 
0.12512 0.014 0.59446 0.91756 0.17963 
0.10432 0.05075 0.59132 0.82571 0.09971 
0.16358 0.02845 0.58708 0.82016 0.1812 
0.08622 0.03119 0.57334 0.85173 0.08963 
0.04944 0.08941 0.64285 0.7715 0.12975 
0.09788 0.08465 0.68595 0.8671 0.06367 
0.00449 0.08037 0.68087 0.84388 0.08993 
0.07497 0.03098 0.79302 0.89635 0.15833 
0.07826 0.0091 0.61329 0.96146 0.10939 
0.01475 0.05598 0.61552 0.92535 0.09102 
0.02749 0.11366 0.61264 0.84697 0.22277 
0.46378 0.89389 0.23725 0.39576 0.80783 
0.4273 0.90856 0.21043 0.31849 0.8368 
0.41654 0.85476 0.14954 0.45241 0.74852 
0.4582 0.84059 0.10337 0.37657 0.75545 
0.40212 0.88678 0.27168 0.31668 0.74837 
0.50327 0.89343 0.22555 0.3836 0.7487 
0.50695 0.8536 0.20639 0.39912 0.79623 
0.42424 0.9109 0.10835 0.31466 0.6976 
0.41264 0.78244 0.16958 0.31487 0.78895 
0.41713 0.92958 0.25241 0.41158 0.70442 
0.38889 0.83152 0.19718 0.35902 0.8616 
0.44555 0.79176 0.22832 0.39713 0.79657 
0.46674 0.87627 0.08267 0.3204 0.78341 
0.45346 0.82242 0.19049 0.34237 0.66528 
0.47114 0.79592 0.18184 0.42446 0.78783 
0.32377 0.92876 0.18549 0.32357 0.69427 
0.35228 0.87894 0.28596 0.34079 0.71813 
0.44465 0.95705 0.27921 0.34623 0.73764 
0.31087 0.85848 0.13716 0.36343 0.69555 
0.46453 0.91353 0.14524 0.4759 0.75243 
0.68127 0.77613 0.40902 0.74795 0.72808 
0.73447 0.84336 0.41846 0.7039 0.68166 
0.74433 0.81523 0.44259 0.7253 0.75983 
0.69947 0.79268 0.2863 0.71536 0.69062 
0.65735 0.77672 0.40064 0.62376 0.6923 
0.76382 0.69846 0.36269 0.70379 0.72755 
0.70744 0.74575 0.28832 0.70218 0.75672 
0.6456 0.75652 0.32713 0.65669 0.76387 
0.79736 0.76882 0.41737 0.64979 0.72458 
0.68834 0.81964 0.30116 0.71246 0.79157 
0.74049 0.76665 0.3076 0.63221 0.76104 
0.69124 0.81228 0.43123 0.67983 0.81828 
0.70198 0.80867 0.44959 0.61714 0.74898 
0.68902 0.70253 0.42712 0.69967 0.78386 
0.75531 0.87174 0.44544 0.72313 0.70908 
0.69178 0.77872 0.35256 0.60996 0.65845 
0.79594 0.73197 0.39529 0.6732 0.67066 
0.6407 0.76901 0.44471 0.75235 0.77492 
0.76575 0.78882 0.43667 0.79285 0.74082 
0.73144 0.69765 0.39058 0.63956 0.77023 
0.70909 0.23366 0.21223 0.52194 0.54996 
0.68604 0.22213 0.18773 0.5905 0.56249 
0.74261 0.21637 0.25216 0.63224 0.58729 
0.82079 0.21562 0.17756 0.51619 0.53172 
0.79802 0.24036 0.28375 0.57198 0.58629 
0.73898 0.1807 0.18484 0.64325 0.52009 
0.76526 0.21125 0.27669 0.63941 0.5376 
0.78164 0.2603 0.1238 0.52225 0.5723 
0.79058 0.15007 0.22086 0.51483 0.58877 
0.75634 0.14065 0.14727 0.54267 0.5634 
0.78284 0.23288 0.15397 0.62239 0.48146 
0.6987 0.24677 0.28409 0.62673 0.55146 
0.76287 0.23353 0.18745 0.47325 0.49427 
0.7979 0.31073 0.25391 0.61533 0.57796 
0.78368 0.21631 0.14318 0.65667 0.52838 
0.71423 0.22493 0.22376 0.60303 0.45239 
0.70914 0.19278 0.15861 0.51091 0.63672 
0.77253 0.11556 0.21825 0.52756 0.52495 
0.78151 0.20352 0.08762 0.56646 0.58779 
0.79828 0.24149 0.12486 0.62899 0.62529 
0.64889 0.08121 0.16453 0.62483 0.41596 
0.56777 0.02401 0.18661 0.59859 0.46552 
0.57271 0.08796 0.12796 0.61954 0.52883 
0.62707 0.01872 0.16123 0.55726 0.46637 
0.68236 0.05841 0.17588 0.70116 0.49644 
0.68684 0.0549 0.19757 0.57805 0.43864 
0.64895 0.08336 0.16511 0.71851 0.48387 
0.57184 0.0744 0.12786 0.57307 0.50827 
0.60145 0.03633 0.16747 0.58725 0.41158 
0.68055 0.10059 0.11687 0.57813 0.4865 
0.62428 0.08901 0.09333 0.62302 0.4291 
0.63579 0.03791 0.08354 0.6163 0.45494 
0.59382 0.04575 0.11494 0.61619 0.41062 
0.676 0.05878 0.25553 0.57031 0.51657 
0.72092 0.07821 0.18187 0.68238 0.53364 
0.55468 0.09659 0.21963 0.62148 0.56635 
0.72318 0.03038 0.24936 0.65503 0.49842 
0.71744 0.08953 0.16654 0.63942 0.39458 
0.62509 0.05782 0.17597 0.52702 0.40357 
0.59852 0.10623 0.29453 0.6472 0.45027 
0.97214 0.74302 0.63465 0.42563 0.51949 
0.91912 0.71649 0.5826 0.49231 0.4755 
0.97511 0.73718 0.61096 0.53024 0.47152 
0.95429 0.75053 0.68026 0.47142 0.50213 
0.91887 0.69845 0.66442 0.49439 0.5191 
0.93538 0.77032 0.52367 0.47971 0.45818 
0.95158 0.68571 0.61953 0.54401 0.48558 
0.90351 0.76144 0.5416 0.42321 0.55774 
0.96925 0.80551 0.61055 0.53656 0.56094 
0.88135 0.73722 0.57855 0.53184 0.46604 
0.99084 0.7697 0.53369 0.55004 0.53568 
0.9758 0.75498 0.61703 0.53108 0.40897 
0.964 0.77698 0.62964 0.54919 0.43133 
0.97593 0.69767 0.64912 0.51337 0.41699 
0.86197 0.71594 0.60105 0.44122 0.44272 
0.94284 0.7563 0.67054 0.53119 0.57991 
0.94657 0.86562 0.58758 0.49451 0.49284 
0.97518 0.73136 0.55255 0.56893 0.45708 
0.96647 0.66965 0.62319 0.3593 0.53164 
0.9423 0.62775 0.65204 0.43755 0.5109 
0.01746 0.75855 0.60754 0.39614 0.9101 
0.07392 0.76105 0.56489 0.42801 0.95829 
0.06669 0.88833 0.60935 0.43187 0.87765 
0.09445 0.84333 0.61785 0.44754 0.94346 
0.04212 0.88479 0.5332 0.49334 0.93628 
0.11409 0.80219 0.55896 0.46064 0.91994 
0.00168 0.84848 0.61845 0.49052 0.88973 
0.06941 0.91841 0.5081 0.45694 0.93253 
0.02337 0.90727 0.53377 0.31571 0.89795 
0.07515 0.78709 0.57242 0.47197 0.86469 
0.11043 0.90253 0.50362 0.4099 0.91753 
0.06477 0.77668 0.59941 0.48635 0.90098 
0.09468 0.86783 0.48165 0.37875 0.87808 
0.07039 0.87463 0.66096 0.38672 0.95702 
0.05366 0.88853 0.64795 0.40954 0.99518 
0.04204 0.9018 0.53653 0.45268 0.83583 
0.11682 0.83351 0.51813 0.482 0.93702 
0.05713 0.92038 0.60487 0.33755 0.88337 
0.00244 0.74671 0.52743 0.46264 0.99039 
0.10487 0.90135 0.5287 0.39182 0.85156 
0.55624 0.59849 0.74936 0.99922 0.31126 
0.63992 0.526 0.75982 0.94743 0.35999 
0.52938 0.52744 0.69648 0.99709 0.36348 
0.47704 0.54553 0.81818 0.9749 0.36076 
0.64459 0.52978 0.78155 0.92931 0.3876 
0.4739 0.52508 0.82012 0.99764 0.32361 
0.58235 0.53955 0.86274 0.90291 0.35589 
0.51785 0.61982 0.76945 0.99216 0.38811 
0.55374 0.59575 0.7128 0.93514 0.2445 
0.56638 0.43117 0.79074 0.95753 0.26385 
0.67086 0.57688 0.73506 0.95304 0.26803 
0.66879 0.60615 0.81961 0.99884 0.35487 
0.66642 0.46425 0.75673 0.93778 0.30862 
0.54576 0.54962 0.65189 0.94556 0.34789 
0.4847 0.60084 0.75628 0.95926 0.23715 
0.63185 0.45003 0.84144 0.9264 0.28728 
0.48363 0.47855 0.72834 0.89394 0.29602 
0.63396 0.54361 0.88839 0.90016 0.31373 
0.66991 0.50803 0.84683 0.97475 0.25291 
0.53862 0.51253 0.81988 0.88961 0.44118 
0.8255 0.30829 0.67457 0.38304 0.2606 
0.84374 0.29103 0.71999 0.43575 0.23488 
0.80536 0.21893 0.7381 0.41116 0.19702 
0.72997 0.32122 0.74343 0.42216 0.18261 
0.80092 0.30702 0.75166 0.43735 0.13215 
0.88977 0.30988 0.63946 0.35899 0.20075 
0.84174 0.37191 0.64359 0.37057 0.2426 
0.81055 0.27796 0.81753 0.38716 0.17584 
0.76687 0.31422 0.67531 0.4215 0.10608 
0.72555 0.23455 0.75662 0.33665 0.16176 
0.77302 0.27327 0.62352 0.42637 0.27894 
0.84941 0.20826 0.6958 0.46098 0.22072 
0.71018 0.25594 0.71253 0.30071 0.21939 
0.79676 0.34394 0.78045 0.37964 0.28587 
0.8625 0.3638 0.77087 0.33135 0.2166 
0.90203 0.29346 0.75582 0.36174 0.265 
0.88312 0.22315 0.76851 0.36571 0.24636 
0.85529 0.33264 0.81084 0.35501 0.17508 
0.82061 0.31954 0.6957 0.24874 0.22636 
0.73885 0.22045 0.75742 0.36595 0.2842 
0.75614 0.8312 0.06309 0.66106 0.16142 
0.75795 0.7686 0.06145 0.74804 0.24995 
0.72982 0.8449 0.10169 0.70063 0.15047 
0.64138 0.79177 0.0521 0.69705 0.23693 
0.67007 0.8347 0.07458 0.69852 0.13314 
0.64778 0.78885 0.07358 0.74916 0.24964 
0.70215 0.74081 0.05149 0.62213 0.17584 
0.7699 0.79812 0.10528 0.78422 0.16742 
0.68295 0.83231 0.00906 0.77501 0.12333 
0.74311 0.85077 0.07126 0.80225 0.22624 
0.74708 0.83751 0.0224 0.79402 0.2637 
0.77459 0.82657 0.13397 0.73544 0.22828 
0.733 0.8128 0.12001 0.72432 0.10996 
0.7692 0.82491 0.04704 0.81741 0.18511 
0.65863 0.81799 0.13642 0.73305 0.17681 
0.68887 0.74817 0.09267 0.64044 0.1343 
0.69809 0.80373 0.08417 0.82458 0.17696 
0.72077 0.79162 0.08671 0.73314 0.08009 
0.79747 0.73779 0.03049 0.62798 0.20787 
0.67382 0.87315 0.1182 0.66925 0.1652 
0.90147 0.26945 0.64993 0.47226 0.05464 
0.88465 0.29589 0.5887 0.4008 0.04218 
0.84278 0.28106 0.67191 0.36292 0.06683 
0.88188 0.3414 0.60077 0.43014 0.05901 
0.95663 0.24625 0.65104 0.38077 0.05715 
0.91183 0.19796 0.64323 0.45162 0.04275 
0.79811 0.29344 0.6041 0.41089 0.01093 
0.955 0.21215 0.63655 0.45487 0.02088 
0.96992 0.22388 0.60626 0.40662 0.03235 
0.8456 0.31491 0.74562 0.38982 0.01802 
0.92244 0.29993 0.60956 0.50385 0.09096 
0.94017 0.20234 0.71426 0.36327 0.04801 
0.97709 0.28962 0.68834 0.40587 0.10616 
0.79403 0.26632 0.63918 0.34116 0.07163 
0.83905 0.36339 0.6255 0.4687 0.09864 
0.93042 0.32809 0.63647 0.49709 0.113 
0.89077 0.30252 0.64797 0.28259 0.00252 
0.88305 0.37799 0.60863 0.38428 0.11141 
0.85028 0.25765 0.5424 0.50228 0.01551 
0.83973 0.19093 0.70135 0.46962 0.10211 
0.11746 0.94351 0.20876 0.41254 0.43239 
0.06535 0.9421 0.19547 0.26388 0.39877 
0.02108 0.96269 0.219 0.41126 0.43859 
0.06491 0.9998 0.18279 0.32634 0.36371 
0.15286 0.95598 0.18404 0.33617 0.35424 
0.14925 0.88425 0.23309 0.42028 0.43984 
0.06847 0.89351 0.1922 0.3351 0.50857 
0.21573 0.98229 0.26127 0.33029 0.43595 
0.14044 0.96668 0.23196 0.45835 0.46088 
0.02385 0.90099 0.27258 0.27582 0.46189 
0.18143 0.93872 0.19314 0.31756 0.35298 
0.19628 0.98543 0.21852 0.28125 0.4668 
0.11361 0.97532 0.14836 0.27156 0.46551 
0.09407 0.91219 0.18329 0.32374 0.32693 
0.03606 0.93724 0.3505 0.31757 0.40806 
0.09687 0.94477 0.11905 0.37336 0.38389 
0.21065 0.90337 0.29297 0.38191 0.41181 
0.10027 0.92123 0.22662 0.30835 0.29908 
0.03981 0.96491 0.31663 0.40091 0.34088 
0.07871 0.91879 0.28865 0.29848 0.30704 
0.9587 0.5752 0.25311 0.53673 0.49961 
0.95379 0.56283 0.29418 0.50753 0.51236 
0.95816 0.556 0.26135 0.42845 0.50954 
0.93721 0.61175 0.27083 0.57083 0.52758 
0.99197 0.56009 0.33905 0.53551 0.53412 
0.94202 0.69405 0.2279 0.53847 0.51185 
0.99928 0.71027 0.22314 0.47218 0.53569 
0.96809 0.58841 0.29396 0.4985 0.59457 
0.98667 0.64641 0.3301 0.55878 0.41511 
0.95961 0.57647 0.26775 0.56475 0.40064 
0.99781 0.57451 0.1999 0.59527 0.47463 
0.94674 0.6358 0.26073 0.59577 0.56136 
0.98543 0.73334 0.31279 0.44064 0.50893 
0.93628 0.60764 0.26566 0.49389 0.61051 
0.98784 0.48796 0.29071 0.50357 0.44998 
0.90775 0.59248 0.18247 0.5344 0.53603 
0.92822 0.6317 0.28033 0.407 0.40001 
0.99737 0.58017 0.16472 0.4191 0.43208 
0.91846 0.62709 0.14518 0.51399 0.49508 
0.98948 0.63731 0.34429 0.55824 0.38108 
0.57386 0.18127 0.64627 0.42086 0.36756 
0.5753 0.23097 0.6587 0.50714 0.31204 
0.57615 0.14257 0.71483 0.47578 0.32977 
0.5826 0.23438 0.62096 0.41908 0.33416 
0.55034 0.11164 0.67362 0.47618 0.30777 
0.48977 0.22612 0.61182 0.46989 0.37195 
0.61999 0.26497 0.70614 0.45816 0.33524 
0.61464 0.20981 0.73645 0.4739 0.39859 
0.63031 0.19641 0.6886 0.47823 0.27045 
0.48555 0.19556 0.70865 0.51872 0.31398 
0.46473 0.16596 0.69223 0.512 0.36582 
0.55518 0.2589 0.7044 0.44537 0.26953 
0.59472 0.24897 0.64639 0.47218 0.44068 
0.48183 0.27512 0.66077 0.47487 0.33516 
0.621 0.18278 0.68842 0.5695 0.34069 
0.52075 0.12939 0.73824 0.47698 0.40097 
0.483 0.13309 0.63897 0.41999 0.38677 
0.55299 0.27721 0.59708 0.4173 0.33437 
0.46984 0.23695 0.62566 0.52035 0.37154 
0.65333 0.18045 0.70192 0.43924 0.28276 
0.84174 0.73541 0.3837 0.47677 0.81942 
0.82347 0.75454 0.40589 0.44639 0.83739 
0.86999 0.69921 0.39059 0.49065 0.79116 
0.82829 0.7149 0.33213 0.48264 0.82664 
0.8733 0.65494 0.39958 0.48962 0.94781 
0.93072 0.65727 0.4109 0.49131 0.8625 
0.92826 0.68891 0.42336 0.52482 0.84054 
0.90835 0.74031 0.46813 0.46002 0.82042 
0.81847 0.61975 0.37979 0.51922 0.8469 
0.74647 0.68326 0.40607 0.4334 0.85837 
0.8801 0.62447 0.37643 0.4846 0.93491 
0.88096 0.70356 0.49989 0.48327 0.93539 
0.74497 0.73816 0.44032 0.47655 0.92023 
0.75878 0.70701 0.39371 0.45783 0.96098 
0.87958 0.70919 0.36357 0.52032 0.76676 
0.91586 0.66607 0.37104 0.41985 0.94737 
0.92508 0.67629 0.42072 0.54512 0.80491 
0.77433 0.70733 0.37607 0.45446 0.76686 
0.95591 0.67695 0.41105 0.41391 0.83607 
0.75816 0.66946 0.47335 0.54028 0.88652 
0.67111 0.9187 0.26922 0.05596 0.72825 
0.65894 0.93099 0.30917 0.0027 0.71285 
0.60917 0.93685 0.25838 0.04049 0.69293 
0.60301 0.81081 0.31344 0.14082 0.66831 
0.6702 0.91655 0.38739 0.08794 0.62955 
0.61997 0.95137 0.29406 0.14878 0.67353 
0.58793 0.9318 0.3651 0.02619 0.68711 
0.67603 0.86112 0.27839 0.09358 0.58147 
0.67314 0.79888 0.33256 0.11446 0.76122 
0.62718 0.8559 0.42039 0.09088 0.6934 
0.70583 0.84288 0.40794 0.08991 0.69526 
0.62246 0.79047 0.27122 0.07628 0.76736 
0.5404 0.89172 0.26239 0.08581 0.66278 
0.67861 0.92343 0.22685 0.00699 0.73613 
0.65515 0.98117 0.2733 0.04538 0.62981 
0.65498 0.82009 0.22912 0.16163 0.67001 
0.69764 0.77377 0.35769 0.1233 0.68956 
0.58644 0.86509 0.32944 0.18296 0.7193 
0.72999 0.82952 0.21411 0.04963 0.6689 
0.65564 0.86707 0.37525 0.09951 0.80389 
0.39122 0.86965 0.31383 0.51906 0.86509 
0.40046 0.83699 0.35737 0.44176 0.85844 
0.33641 0.77053 0.31799 0.4298 0.87561 
0.42231 0.90001 0.35196 0.50566 0.88641 
0.30284 0.889 0.31179 0.53507 0.88839 
0.40611 0.81575 0.31743 0.40838 0.89168 
0.28384 0.84039 0.31942 0.54646 0.87187 
0.39319 0.77199 0.26703 0.51877 0.90761 
0.45234 0.87114 0.32265 0.46011 0.79928 
0.40383 0.88217 0.28084 0.39802 0.901 
0.31012 0.75534 0.29035 0.45101 0.89608 
0.35836 0.82864 0.31565 0.59315 0.82192 
0.41007 0.78422 0.33911 0.42726 0.93538 
0.28755 0.88247 0.29802 0.56567 0.89366 
0.32473 0.87151 0.3344 0.42037 0.95822 
0.43112 0.84424 0.35381 0.51683 0.95206 
0.36671 0.89345 0.42932 0.47886 0.80747 
0.43341 0.7564 0.35018 0.41661 0.86273 
0.30476 0.8176 0.27564 0.42869 0.75681 
0.30815 0.94785 0.33087 0.48203 0.93373 
0.23648 0.14582 0.28862 0.46113 0.28615 
0.23591 0.15477 0.33408 0.48297 0.23108 
0.2559 0.18797 0.30187 0.50451 0.32045 
0.32187 0.1723 0.28204 0.49996 0.28804 
0.23656 0.13667 0.32643 0.40751 0.38006 
0.23554 0.17156 0.33134 0.53807 0.27124 
0.29826 0.12909 0.35041 0.35283 0.31662 
0.30473 0.23506 0.31776 0.46213 0.30039 
0.26557 0.14198 0.32307 0.41149 0.18246 
0.20139 0.02509 0.34889 0.43392 0.29085 
0.29398 0.21774 0.3071 0.51987 0.35306 
0.23086 0.10956 0.24195 0.53065 0.26022 
0.25615 0.18643 0.37374 0.35276 0.26807 
0.32102 0.11358 0.41379 0.46208 0.37834 
0.17558 0.07279 0.39181 0.41438 0.30227 
0.33714 0.02804 0.29438 0.4383 0.25106 
0.3076 0.20852 0.42397 0.48082 0.32875 
0.24653 0.1638 0.37303 0.33429 0.2706 
0.21423 0.13851 0.40192 0.53981 0.35203 
0.22846 0.01532 0.29685 0.50317 0.33351 
