0.33245 0.30391 
0.33301 0.30783 
0.33713 0.30559 
0.33358 0.30887 
0.33176 0.30835 
0.33549 0.30906 
0.33168 0.30177 
0.33832 0.30337 
0.33716 0.30188 
0.33119 0.31044 
0.33675 0.31123 
0.32752 0.30527 
0.32736 0.30446 
0.34041 0.3094 
0.32681 0.30551 
0.32715 0.30789 
0.33794 0.29909 
0.33876 0.31175 
0.33951 0.29969 
0.33991 0.29948 
0.59443 0.75282 
0.59338 0.75111 
0.59658 0.75138 
0.59686 0.75241 
0.59401 0.74976 
0.59244 0.75255 
0.59443 0.74867 
0.59641 0.75468 
0.59143 0.75143 
0.59355 0.75536 
0.5925 0.75507 
0.59887 0.75191 
0.59956 0.75195 
0.5993 0.74939 
0.59303 0.75665 
0.60039 0.75026 
0.59431 0.75835 
0.60147 0.7544 
0.59126 0.7454 
0.59136 0.75892 
0.55264 0.67741 
0.55199 0.67688 
0.55319 0.6764 
0.55125 0.68114 
0.54972 0.6757 
0.55414 0.68174 
0.5479 0.68027 
0.55763 0.67931 
0.54665 0.67974 
0.55016 0.68407 
0.54864 0.67348 
0.54606 0.67899 
0.55864 0.67812 
0.54571 0.68064 
0.55105 0.67165 
0.54624 0.68341 
0.55624 0.67171 
0.54933 0.68603 
0.55839 0.67318 
0.5444 0.67626 
0.79916 0.77951 
0.79667 0.78413 
0.80179 0.78202 
0.79915 0.78584 
0.80039 0.78565 
0.79304 0.7827 
0.79334 0.77799 
0.80393 0.77834 
0.80494 0.7805 
0.7932 0.78641 
0.80515 0.77934 
0.80516 0.78448 
0.79595 0.77398 
0.80593 0.78311 
0.79511 0.78873 
0.80394 0.78715 
0.79 0.77917 
0.8024 0.78889 
0.80649 0.78408 
0.79174 0.7875 
0.20475 0.31574 
0.20437 0.31285 
0.20378 0.31594 
0.20526 0.31673 
0.2055 0.31171 
0.20283 0.31172 
0.20495 0.31058 
0.20136 0.31341 
0.20785 0.31734 
0.20847 0.31696 
0.20799 0.31067 
0.21007 0.31442 
0.20891 0.31956 
0.20625 0.32091 
0.20252 0.32063 
0.19789 0.31284 
0.20475 0.30682 
0.21188 0.31781 
0.19822 0.31082 
0.21287 0.3146 
0.63245 0.43207 
0.63452 0.43069 
0.62901 0.42906 
0.63398 0.42797 
0.6317 0.42761 
0.6287 0.42895 
0.63182 0.42729 
0.62705 0.43104 
0.63042 0.43772 
0.62697 0.43053 
0.62677 0.43436 
0.63661 0.42781 
0.62603 0.43451 
0.63109 0.439 
0.631 0.42552 
0.62671 0.43692 
0.62525 0.43093 
0.62634 0.43673 
0.6395 0.43165 
0.62457 0.43088 
0.46634 0.70945 
0.46778 0.71132 
0.46458 0.7091 
0.4642 0.71269 
0.46533 0.71355 
0.46483 0.70766 
0.46365 0.71393 
0.4622 0.71388 
0.46589 0.70574 
0.46104 0.70911 
0.4709 0.71376 
0.46511 0.70514 
0.47219 0.71198 
0.47233 0.71175 
0.46815 0.71744 
0.45941 0.7089 
0.46756 0.71791 
0.45936 0.7078 
0.45847 0.71225 
0.47205 0.71659 
0.33216 0.53755 
0.33178 0.53978 
0.3307 0.53806 
0.33422 0.53756 
0.32984 0.53787 
0.32958 0.53785 
0.33201 0.54169 
0.33167 0.535 
0.33107 0.53486 
0.33722 0.53838 
0.33554 0.53468 
0.33489 0.54293 
0.33771 0.5382 
0.3273 0.53564 
0.33774 0.536 
0.32878 0.53305 
0.33753 0.54265 
0.33761 0.53419 
0.33191 0.54546 
0.32573 0.53598 
0.72846 0.98262 
0.7292 0.98537 
0.72699 0.97857 
0.72573 0.98758 
0.7325 0.98189 
0.7317 0.97893 
0.72812 0.98873 
0.7317 0.98753 
0.72249 0.98786 
0.73342 0.97939 
0.73137 0.97654 
0.72468 0.97535 
0.72071 0.97843 
0.73454 0.98284 
0.72129 0.98751 
0.72517 0.99015 
0.72716 0.97434 
0.71902 0.984 
0.72502 0.99033 
0.72501 0.97436 
0.48802 0.60742 
0.48908 0.60816 
0.48725 0.6053 
0.48559 0.60881 
0.48546 0.60536 
0.48468 0.60721 
0.49125 0.60983 
0.49099 0.61048 
0.49101 0.6106 
0.49185 0.60519 
0.49199 0.60945 
0.48245 0.60665 
0.483 0.60449 
0.49383 0.6066 
0.49371 0.60929 
0.49322 0.61058 
0.48582 0.61347 
0.4832 0.60271 
0.49042 0.60088 
0.49456 0.60562 
0.0573 0.21013 
0.05352 0.21265 
0.05829 0.21379 
0.05788 0.20829 
0.05378 0.21506 
0.05427 0.21543 
0.05516 0.20735 
0.05385 0.21616 
0.05775 0.21638 
0.05824 0.20655 
0.05621 0.20575 
0.05922 0.20658 
0.04969 0.21333 
0.05102 0.21585 
0.05078 0.21587 
0.06199 0.20908 
0.05456 0.21835 
0.06158 0.20753 
0.05113 0.20566 
0.05467 0.20413 
0.09808 0.49087 
0.1001 0.48564 
0.1016 0.48695 
0.097 0.4859 
0.10095 0.48591 
0.1022 0.4883 
0.10207 0.49054 
0.0951 0.48976 
0.09661 0.49308 
0.09507 0.49223 
0.10068 0.49387 
0.10525 0.48849 
0.09267 0.48949 
0.0946 0.49332 
0.09343 0.4845 
0.10337 0.48282 
0.10175 0.48125 
0.09115 0.48811 
0.10326 0.48188 
0.10533 0.48351 
0.83013 0.5145 
0.83126 0.51658 
0.83283 0.51293 
0.83397 0.51385 
0.83379 0.51702 
0.829 0.51793 
0.83512 0.51323 
0.82633 0.51248 
0.82726 0.51025 
0.83151 0.52027 
0.83677 0.51497 
0.83692 0.51434 
0.8255 0.5169 
0.82939 0.50857 
0.83444 0.51958 
0.83545 0.50997 
0.83383 0.52036 
0.82564 0.51005 
0.82526 0.51023 
0.82686 0.52036 
0.43455 0.49617 
0.43647 0.49255 
0.43889 0.49244 
0.43808 0.50008 
0.43715 0.50036 
0.43732 0.49163 
0.43377 0.49306 
0.43528 0.50109 
0.4389 0.49063 
0.43915 0.50197 
0.43467 0.49011 
0.44417 0.49837 
0.43631 0.48945 
0.4364 0.50334 
0.44374 0.4917 
0.43705 0.50371 
0.43834 0.48836 
0.43072 0.49978 
0.43367 0.50297 
0.43953 0.50443 
0.64579 0.95978 
0.64341 0.96117 
0.64684 0.9577 
0.64762 0.95784 
0.64265 0.96156 
0.64615 0.95636 
0.65 0.95914 
0.6425 0.95813 
0.64992 0.96278 
0.64149 0.95928 
0.65077 0.96138 
0.6512 0.96087 
0.64803 0.96544 
0.65083 0.9576 
0.65088 0.9639 
0.64009 0.96222 
0.64259 0.96566 
0.64585 0.95421 
0.64019 0.95783 
0.64044 0.95681 
0.22433 0.75631 
0.22063 0.75474 
0.221 0.75899 
0.22629 0.75729 
0.2204 0.75268 
0.22303 0.7516 
0.22022 0.76055 
0.22055 0.75171 
0.21894 0.75973 
0.22763 0.75889 
0.21601 0.75892 
0.22608 0.76272 
0.21943 0.74981 
0.22544 0.7631 
0.21732 0.76178 
0.21598 0.75217 
0.21785 0.74961 
0.22985 0.75142 
0.22874 0.7494 
0.21786 0.74763 
0.68233 0.08694 
0.68207 0.08767 
0.68168 0.08891 
0.67915 0.08537 
0.67837 0.0869 
0.68185 0.08106 
0.68352 0.08061 
0.68476 0.09064 
0.68043 0.09061 
0.67758 0.08777 
0.68317 0.07984 
0.68057 0.07989 
0.68748 0.08117 
0.67925 0.09154 
0.6878 0.09036 
0.67524 0.08664 
0.67501 0.08586 
0.68577 0.09364 
0.68916 0.09146 
0.68746 0.09365 
0.75831 0.18099 
0.76163 0.18084 
0.76099 0.17992 
0.76091 0.17977 
0.76147 0.17989 
0.75567 0.18256 
0.76369 0.18304 
0.76254 0.18501 
0.75484 0.18227 
0.76462 0.17972 
0.76004 0.18732 
0.7602 0.17634 
0.76394 0.18532 
0.76029 0.18743 
0.76462 0.17892 
0.7546 0.17839 
0.75513 0.17735 
0.76387 0.17697 
0.75746 0.18793 
0.76671 0.18271 
0.88292 0.77193 
0.88337 0.77114 
0.88134 0.77135 
0.88096 0.77526 
0.88625 0.77381 
0.88555 0.77091 
0.88594 0.77144 
0.88598 0.7703 
0.88704 0.77267 
0.88448 0.77717 
0.8785 0.7719 
0.88092 0.76898 
0.88743 0.77435 
0.88645 0.77636 
0.87772 0.77227 
0.88532 0.77769 
0.88069 0.77807 
0.8867 0.76942 
0.88912 0.77189 
0.87719 0.77671 
0.71212 0.45836 
0.70836 0.45902 
0.70738 0.45786 
0.70597 0.45726 
0.71331 0.45944 
0.71392 0.45939 
0.70804 0.45132 
0.7045 0.4585 
0.70395 0.45707 
0.70637 0.45154 
0.70447 0.46014 
0.71673 0.45645 
0.70421 0.46092 
0.71272 0.46359 
0.70842 0.46405 
0.71436 0.46311 
0.70527 0.45074 
0.70906 0.46442 
0.70946 0.44901 
0.7025 0.45935 
0.5941 0.43708 
0.593 0.43768 
0.59266 0.43471 
0.59044 0.43757 
0.59577 0.43983 
0.58947 0.43732 
0.58957 0.43872 
0.58891 0.43541 
0.59479 0.43088 
0.5887 0.43967 
0.5954 0.44243 
0.58768 0.439 
0.59772 0.43136 
0.58691 0.43906 
0.58892 0.44224 
0.58625 0.43813 
0.58913 0.44283 
0.58532 0.43674 
0.58517 0.43627 
0.58755 0.44304 
0.08358 0.66104 
0.0817 0.66021 
0.0822 0.66198 
0.08479 0.65706 
0.08101 0.6579 
0.08734 0.65994 
0.08738 0.66102 
0.08665 0.66358 
0.08125 0.66395 
0.08388 0.65565 
0.08424 0.65547 
0.08615 0.66535 
0.07783 0.6592 
0.08736 0.65534 
0.08477 0.65421 
0.08891 0.66341 
0.08191 0.65434 
0.08051 0.65474 
0.07724 0.66202 
0.09049 0.65888 
0.59683 0.15978 
0.59494 0.16059 
0.59548 0.16174 
0.59471 0.15992 
0.59485 0.16176 
0.59524 0.16263 
0.5962 0.16343 
0.59589 0.16361 
0.59315 0.15833 
0.60024 0.15926 
0.59245 0.16313 
0.59848 0.1647 
0.59503 0.1652 
0.5955 0.16532 
0.59156 0.16207 
0.59547 0.16549 
0.59262 0.16446 
0.59151 0.15754 
0.60164 0.15833 
0.59929 0.15541 
0.15446 0.56976 
0.15988 0.57039 
0.16045 0.56957 
0.15725 0.56468 
0.15329 0.57057 
0.15911 0.56449 
0.15493 0.57239 
0.15271 0.56759 
0.15975 0.5735 
0.16027 0.56346 
0.16284 0.56637 
0.16351 0.56738 
0.16155 0.57373 
0.15464 0.57484 
0.15156 0.56451 
0.15438 0.56198 
0.15126 0.56415 
0.15775 0.57605 
0.16383 0.56469 
0.14968 0.56686 
0.51204 0.97601 
0.51336 0.97837 
0.5129 0.97893 
0.51396 0.97895 
0.51433 0.97494 
0.51043 0.976 
0.51368 0.97962 
0.51199 0.97351 
0.51271 0.97305 
0.51559 0.97954 
0.51217 0.97259 
0.51017 0.97342 
0.50856 0.97787 
0.5114 0.98109 
0.50794 0.97866 
0.51704 0.98101 
0.51158 0.97097 
0.51892 0.97424 
0.51463 0.98332 
0.50729 0.97313 
0.37385 0.38557 
0.37094 0.38844 
0.37558 0.38624 
0.37187 0.38523 
0.3763 0.38651 
0.37073 0.38366 
0.3715 0.3922 
0.37143 0.38298 
0.37871 0.38823 
0.36792 0.39053 
0.37967 0.38966 
0.37479 0.38109 
0.37925 0.38448 
0.36696 0.38465 
0.36954 0.38152 
0.37488 0.39488 
0.37655 0.38104 
0.36953 0.39408 
0.37358 0.38025 
0.36556 0.38777 
0.46025 0.50762 
0.45932 0.50707 
0.45907 0.5116 
0.45731 0.51108 
0.46126 0.5112 
0.45699 0.50695 
0.45893 0.51236 
0.45553 0.50703 
0.45745 0.5052 
0.4577 0.50494 
0.45906 0.50451 
0.45517 0.50604 
0.46312 0.51281 
0.45723 0.51436 
0.45331 0.50991 
0.46494 0.50978 
0.46516 0.50943 
0.45806 0.51523 
0.4653 0.50948 
0.45326 0.50705 
0.31709 0.79956 
0.31588 0.80019 
0.31805 0.79695 
0.31436 0.79483 
0.31933 0.80053 
0.31231 0.7941 
0.31005 0.79874 
0.32112 0.79644 
0.31812 0.8031 
0.3097 0.79974 
0.31018 0.80144 
0.32178 0.79575 
0.31864 0.79205 
0.31812 0.80437 
0.323 0.79854 
0.31622 0.80591 
0.32198 0.80283 
0.32369 0.79596 
0.31298 0.80619 
0.30698 0.79664 
0.77495 0.86639 
0.77757 0.86857 
0.77824 0.87081 
0.76952 0.86529 
0.77777 0.87158 
0.76916 0.86609 
0.77083 0.87227 
0.76867 0.86524 
0.77624 0.86137 
0.77073 0.87288 
0.77021 0.86241 
0.76674 0.86759 
0.77202 0.86022 
0.76764 0.87132 
0.77861 0.86063 
0.76905 0.8611 
0.77062 0.85991 
0.77041 0.8597 
0.76539 0.86571 
0.77777 0.85873 
0.39369 0.84354 
0.39238 0.84428 
0.39459 0.84239 
0.38918 0.84168 
0.38848 0.84062 
0.38836 0.83986 
0.39697 0.84016 
0.38775 0.84064 
0.387 0.84069 
0.39034 0.84823 
0.39275 0.83553 
0.39765 0.84647 
0.39722 0.84699 
0.3884 0.84833 
0.38778 0.84794 
0.38479 0.84431 
0.40059 0.8449 
0.38427 0.83898 
0.40076 0.8453 
0.39201 0.85105 
0.71486 0.58701 
0.71272 0.58308 
0.71574 0.58746 
0.71772 0.58437 
0.71818 0.58583 
0.71675 0.58167 
0.71536 0.58105 
0.71331 0.58867 
0.71085 0.58318 
0.719 0.58099 
0.71853 0.58952 
0.70905 0.58768 
0.70911 0.58846 
0.72024 0.58088 
0.71275 0.57804 
0.72159 0.58558 
0.72162 0.58403 
0.71401 0.57747 
0.70748 0.58241 
0.70701 0.58322 
0.56265 0.64624 
0.56001 0.64874 
0.56477 0.64606 
0.55742 0.64651 
0.5591 0.64317 
0.56542 0.64931 
0.5571 0.64514 
0.56596 0.64935 
0.55665 0.64707 
0.55863 0.64183 
0.56469 0.64123 
0.56767 0.64433 
0.56815 0.64679 
0.5573 0.64151 
0.55451 0.64723 
0.55465 0.64891 
0.56223 0.63915 
0.55534 0.6505 
0.56689 0.65227 
0.56116 0.6388 
0.82002 0.6723 
0.81996 0.67089 
0.82243 0.67221 
0.81825 0.67197 
0.81869 0.6733 
0.8225 0.67035 
0.818 0.67159 
0.81986 0.6745 
0.82373 0.66907 
0.81696 0.6693 
0.81656 0.67342 
0.81815 0.66808 
0.81625 0.67057 
0.82233 0.66752 
0.82137 0.67666 
0.82428 0.67524 
0.81511 0.67096 
0.82484 0.66711 
0.81368 0.67093 
0.82324 0.66473 
0.94404 0.90872 
0.94561 0.90719 
0.94504 0.90989 
0.94443 0.91051 
0.94747 0.9068 
0.9424 0.90742 
0.94271 0.90414 
0.94086 0.90552 
0.93987 0.90723 
0.9446 0.90245 
0.93922 0.90918 
0.94259 0.90236 
0.94079 0.91348 
0.95201 0.90788 
0.9407 0.91371 
0.93856 0.90533 
0.93801 0.9072 
0.94271 0.90129 
0.942 0.90126 
0.94587 0.90064 
0.73568 0.91883 
0.73542 0.92114 
0.7369 0.91927 
0.73367 0.91532 
0.73624 0.9156 
0.73545 0.91493 
0.73842 0.91744 
0.73838 0.92147 
0.73948 0.91936 
0.73945 0.91722 
0.73718 0.91413 
0.73099 0.9137 
0.73611 0.91288 
0.73061 0.92403 
0.73887 0.91416 
0.72796 0.92052 
0.737 0.91277 
0.72803 0.92122 
0.73866 0.92413 
0.72976 0.91327 
0.79232 0.24162 
0.79441 0.24097 
0.78857 0.24402 
0.78782 0.24139 
0.79559 0.24292 
0.79562 0.24064 
0.79605 0.24228 
0.79593 0.24358 
0.78655 0.24068 
0.79503 0.24569 
0.78644 0.24065 
0.78592 0.24328 
0.79633 0.24571 
0.79773 0.24005 
0.79203 0.24885 
0.78481 0.23816 
0.79934 0.2425 
0.78772 0.23486 
0.79825 0.24628 
0.79027 0.25026 
0.38216 0.6778 
0.38328 0.67828 
0.38187 0.6784 
0.38139 0.67578 
0.38351 0.67479 
0.38447 0.67455 
0.38054 0.68096 
0.37802 0.67689 
0.37869 0.67305 
0.38311 0.67009 
0.38948 0.67985 
0.38902 0.68088 
0.38981 0.67485 
0.38013 0.66957 
0.38325 0.68528 
0.3862 0.6697 
0.39004 0.68102 
0.37598 0.6826 
0.37926 0.66922 
0.38401 0.68594 
0.79836 0.1592 
0.80171 0.162 
0.80015 0.15784 
0.79815 0.16266 
0.80322 0.16076 
0.80229 0.16312 
0.79616 0.15905 
0.79864 0.16467 
0.80464 0.16124 
0.80158 0.16537 
0.80105 0.16622 
0.79422 0.1573 
0.8003 0.1671 
0.79972 0.15351 
0.79616 0.16623 
0.80737 0.16198 
0.80651 0.15639 
0.80754 0.16238 
0.80123 0.1683 
0.79179 0.16167 
0.54992 0.18058 
0.547 0.18044 
0.55182 0.17816 
0.54439 0.17971 
0.54327 0.18 
0.54571 0.18441 
0.5502 0.18511 
0.54576 0.17387 
0.54451 0.18468 
0.55337 0.18422 
0.54174 0.18062 
0.54582 0.1733 
0.55228 0.18591 
0.54138 0.17754 
0.55441 0.17467 
0.542 0.17539 
0.54076 0.17826 
0.54267 0.18499 
0.54161 0.17557 
0.54862 0.17148 
0.9379 0.04685 
0.93521 0.04624 
0.93704 0.04819 
0.93558 0.04842 
0.93754 0.04128 
0.93566 0.04145 
0.93253 0.04436 
0.93599 0.05028 
0.93554 0.04072 
0.93538 0.0503 
0.93582 0.04037 
0.93991 0.04108 
0.9339 0.04019 
0.94143 0.04097 
0.93823 0.05179 
0.93699 0.03872 
0.93037 0.04809 
0.94382 0.04244 
0.94493 0.04618 
0.94025 0.03801 
0.69599 0.80559 
0.69612 0.80396 
0.69724 0.80787 
0.69526 0.80492 
0.69933 0.80174 
0.70092 0.80242 
0.70131 0.80798 
0.70259 0.80335 
0.70156 0.80883 
0.7031 0.80663 
0.69792 0.79958 
0.69744 0.79915 
0.70464 0.80702 
0.69369 0.79985 
0.69224 0.80105 
0.69107 0.80428 
0.69863 0.81231 
0.69517 0.81171 
0.70311 0.81118 
0.69823 0.81299 
0.32013 0.97505 
0.31993 0.97634 
0.32044 0.97265 
0.3209 0.97837 
0.31838 0.97394 
0.3181 0.97619 
0.32383 0.97726 
0.31983 0.97177 
0.31789 0.97328 
0.32302 0.97937 
0.32485 0.97303 
0.31564 0.97624 
0.31571 0.97911 
0.3155 0.97194 
0.32578 0.98055 
0.32458 0.9817 
0.32727 0.97146 
0.32307 0.98258 
0.32866 0.97356 
0.32417 0.9683 
0.61067 0.61715 
0.61278 0.61631 
0.61477 0.61574 
0.61347 0.61442 
0.61517 0.61579 
0.61573 0.61648 
0.61517 0.62029 
0.61633 0.61809 
0.61476 0.61444 
0.61504 0.61455 
0.60962 0.61363 
0.61327 0.62258 
0.61039 0.62265 
0.60755 0.62034 
0.60804 0.6146 
0.6136 0.62336 
0.60693 0.62111 
0.61688 0.61367 
0.60705 0.62195 
0.61398 0.61167 
0.71177 0.85466 
0.71045 0.854 
0.71042 0.85319 
0.70975 0.85703 
0.71028 0.85738 
0.70883 0.85583 
0.71369 0.85226 
0.71013 0.85802 
0.71499 0.85441 
0.7153 0.85569 
0.7079 0.85279 
0.71304 0.85078 
0.71543 0.85291 
0.70723 0.85631 
0.70738 0.85277 
0.71116 0.85947 
0.71376 0.85001 
0.71701 0.85377 
0.70802 0.85024 
0.70478 0.85629 
0.75513 0.17735 
0.7546 0.17839 
0.75831 0.18099 
0.75484 0.18227 
0.75567 0.18256 
0.7602 0.17634 
0.76091 0.17977 
0.76099 0.17992 
0.76147 0.17989 
0.76163 0.18084 
0.75472 0.17291 
0.75259 0.17395 
0.75016 0.17963 
0.75219 0.18424 
0.76387 0.17697 
0.74969 0.17493 
0.7613 0.17191 
0.76462 0.17892 
0.76462 0.17972 
0.74804 0.17769 
0.98629 0.19355 
0.98541 0.19251 
0.98527 0.19586 
0.98917 0.19182 
0.98345 0.1954 
0.98652 0.19798 
0.98217 0.19627 
0.98373 0.18959 
0.98123 0.19351 
0.98674 0.18819 
0.99093 0.19829 
0.98382 0.20005 
0.98428 0.20031 
0.9919 0.19006 
0.99283 0.19056 
0.99367 0.19118 
0.9936 0.19061 
0.99534 0.19409 
0.97834 0.19709 
0.99118 0.20242 
0.23485 0.99271 
0.23912 0.98874 
0.23316 0.9918 
0.23431 0.98769 
0.23889 0.99369 
0.23268 0.99034 
0.23541 0.98698 
0.23771 0.99525 
0.23512 0.98553 
0.23537 0.9853 
0.23703 0.98515 
0.23184 0.99372 
0.24217 0.99145 
0.23236 0.99479 
0.23139 0.99419 
0.23956 0.985 
0.233 0.99682 
0.24132 0.9959 
0.23457 0.99763 
0.24117 0.98516 
0.02066 0.04871 
0.02275 0.0493 
0.01842 0.04893 
0.02043 0.0519 
0.01919 0.04772 
0.02419 0.04906 
0.01777 0.05214 
0.02378 0.04774 
0.01874 0.04634 
0.02022 0.05373 
0.01713 0.05309 
0.01692 0.0461 
0.01956 0.04436 
0.01511 0.04809 
0.01527 0.04732 
0.02629 0.04874 
0.01904 0.0555 
0.02538 0.05329 
0.01412 0.04883 
0.01708 0.05515 
0.45 0.52486 
0.44663 0.52285 
0.44966 0.51844 
0.44775 0.51941 
0.44723 0.52589 
0.4529 0.52765 
0.44645 0.52581 
0.4545 0.5272 
0.4561 0.52617 
0.44482 0.52414 
0.44939 0.52895 
0.44528 0.52584 
0.45751 0.52625 
0.44676 0.52891 
0.45179 0.51538 
0.45845 0.52312 
0.44337 0.52363 
0.45772 0.52647 
0.44699 0.51615 
0.44377 0.51973 
0.09004 0.64752 
0.09084 0.64737 
0.0849 0.64923 
0.09189 0.64649 
0.0868 0.65089 
0.08818 0.6417 
0.09205 0.64387 
0.08295 0.64388 
0.09265 0.64511 
0.08363 0.64279 
0.08638 0.6411 
0.08198 0.64601 
0.08565 0.65192 
0.08781 0.65263 
0.08241 0.65014 
0.09324 0.64915 
0.0894 0.65273 
0.08721 0.63984 
0.08777 0.63925 
0.09416 0.64284 
0.00694 0.02404 
0.0067 0.02329 
0.00819 0.02451 
0.00415 0.02407 
0.00854 0.02333 
0.00577 0.02866 
0.01014 0.02455 
0.0028 0.02304 
0.00459 0.02909 
0.01086 0.02476 
0.00702 0.02055 
0.00836 0.03005 
0.01166 0.02711 
0.01219 0.02584 
0.00693 0.01848 
0.00307 0.01907 
0.01008 0.0193 
0.00903 0.01859 
0.00323 0.01846 
0.00898 0.03226 
0.86656 0.07439 
0.86854 0.07406 
0.86604 0.0698 
0.8687 0.07701 
0.86582 0.07812 
0.86619 0.07813 
0.86872 0.06999 
0.87039 0.07554 
0.86285 0.06795 
0.87128 0.07808 
0.86871 0.08015 
0.86578 0.0664 
0.85841 0.07321 
0.8726 0.07747 
0.87244 0.06913 
0.86284 0.08116 
0.87251 0.07857 
0.86825 0.082 
0.85715 0.07202 
0.86332 0.06498 
0.75472 0.17291 
0.75499 0.16827 
0.75291 0.16885 
0.75259 0.17395 
0.75045 0.17252 
0.75109 0.16849 
0.75003 0.17162 
0.75835 0.16801 
0.74971 0.17031 
0.75348 0.16594 
0.75777 0.1665 
0.75857 0.16659 
0.76076 0.1708 
0.76075 0.17041 
0.75513 0.17735 
0.74969 0.17493 
0.7613 0.17191 
0.7566 0.16484 
0.75333 0.16461 
0.74973 0.16662 
0.82121 0.95867 
0.82082 0.96068 
0.82063 0.96058 
0.8254 0.9562 
0.82025 0.95699 
0.82194 0.96269 
0.81932 0.95775 
0.82483 0.95448 
0.82371 0.95382 
0.81957 0.96409 
0.82999 0.95919 
0.82507 0.9523 
0.81874 0.95383 
0.81635 0.95805 
0.83027 0.96124 
0.82431 0.95164 
0.81598 0.96042 
0.8205 0.96602 
0.82713 0.95186 
0.81808 0.95298 
0.09368 0.12434 
0.09032 0.12355 
0.09454 0.12037 
0.09083 0.11869 
0.09115 0.11847 
0.09781 0.12382 
0.08895 0.1193 
0.09155 0.11751 
0.09655 0.12868 
0.08649 0.12503 
0.08605 0.12293 
0.09903 0.12664 
0.09796 0.11762 
0.08584 0.12454 
0.08666 0.11911 
0.0867 0.12779 
0.09071 0.11523 
0.09906 0.11731 
0.08438 0.12326 
0.0942 0.13162 
0.62974 0.46123 
0.6282 0.46184 
0.63367 0.46307 
0.62626 0.46163 
0.62982 0.4584 
0.63195 0.46638 
0.63392 0.46453 
0.63019 0.46691 
0.63442 0.46385 
0.62538 0.46094 
0.6313 0.46741 
0.6256 0.46548 
0.62837 0.45713 
0.63152 0.45703 
0.63518 0.46503 
0.62558 0.46692 
0.63627 0.46155 
0.63325 0.46793 
0.62993 0.45594 
0.62402 0.46508 
0.84128 0.0226 
0.84239 0.02237 
0.84238 0.01956 
0.84418 0.0221 
0.84207 0.02561 
0.83682 0.02385 
0.84352 0.02524 
0.83656 0.0201 
0.83651 0.02432 
0.84489 0.01912 
0.84456 0.01849 
0.84472 0.02543 
0.84539 0.01926 
0.83482 0.02169 
0.84403 0.02721 
0.84743 0.02089 
0.83708 0.01592 
0.84552 0.02766 
0.83915 0.01463 
0.84793 0.01948 
0.60308 0.16176 
0.59848 0.1647 
0.60024 0.15926 
0.60164 0.15833 
0.5962 0.16343 
0.59683 0.15978 
0.59589 0.16361 
0.59548 0.16174 
0.59524 0.16263 
0.59485 0.16176 
0.5955 0.16532 
0.6062 0.16114 
0.59494 0.16059 
0.59547 0.16549 
0.6049 0.15845 
0.59503 0.1652 
0.59471 0.15992 
0.59929 0.15541 
0.59696 0.16871 
0.6062 0.16693 
0.79482 0.02388 
0.79078 0.02216 
0.79281 0.02526 
0.79646 0.02076 
0.79689 0.02173 
0.79738 0.02275 
0.79497 0.01831 
0.79533 0.02645 
0.78906 0.02561 
0.79667 0.02697 
0.79324 0.0284 
0.79957 0.02334 
0.78918 0.02759 
0.79014 0.01652 
0.79393 0.01575 
0.79764 0.02774 
0.79261 0.01514 
0.79924 0.02741 
0.78863 0.02863 
0.79578 0.03031 
0.97244 0.69509 
0.97107 0.6975 
0.96968 0.6965 
0.97418 0.6932 
0.96935 0.69717 
0.97523 0.69394 
0.9725 0.69108 
0.97391 0.6912 
0.96887 0.69143 
0.97756 0.69357 
0.96934 0.69058 
0.97683 0.69196 
0.97491 0.6902 
0.97256 0.70201 
0.96793 0.69084 
0.9753 0.70177 
0.96567 0.69357 
0.97757 0.70025 
0.96657 0.69984 
0.97748 0.69006 
0.92458 0.18757 
0.93015 0.18866 
0.92935 0.19036 
0.93057 0.18832 
0.92955 0.1911 
0.93143 0.18833 
0.93119 0.19123 
0.92638 0.19392 
0.91985 0.18667 
0.92715 0.18062 
0.92913 0.18081 
0.92213 0.18129 
0.92282 0.19456 
0.93397 0.18532 
0.93339 0.18295 
0.93335 0.18242 
0.91761 0.18921 
0.93474 0.18515 
0.91745 0.18864 
0.92731 0.17839 
0.75275 0.16258 
0.75175 0.16381 
0.75333 0.16461 
0.75348 0.16594 
0.74787 0.16237 
0.74973 0.16662 
0.75653 0.16422 
0.75699 0.1634 
0.7566 0.16484 
0.74727 0.16538 
0.75109 0.16849 
0.75291 0.16885 
0.75499 0.16827 
0.75777 0.1665 
0.75806 0.15883 
0.74576 0.16572 
0.75833 0.15879 
0.75857 0.16659 
0.75738 0.15699 
0.74583 0.15752 
0.13576 0.07145 
0.13858 0.06807 
0.1361 0.07233 
0.13518 0.06914 
0.13492 0.06853 
0.13977 0.06715 
0.13623 0.07378 
0.13379 0.07121 
0.13717 0.06625 
0.14048 0.07337 
0.13824 0.06604 
0.13791 0.06592 
0.13348 0.07171 
0.13439 0.06697 
0.13295 0.06999 
0.13548 0.06437 
0.13654 0.0639 
0.13628 0.07689 
0.13 0.06944 
0.13403 0.07743 
0.69958 0.39148 
0.69962 0.39054 
0.6987 0.39284 
0.6981 0.3928 
0.69948 0.38932 
0.703 0.39176 
0.69649 0.3917 
0.70199 0.39491 
0.69645 0.39361 
0.70291 0.38876 
0.70261 0.38836 
0.69509 0.39198 
0.70473 0.39176 
0.70505 0.39131 
0.70573 0.39317 
0.70292 0.38635 
0.70407 0.38705 
0.69805 0.38548 
0.695 0.38696 
0.69922 0.38437 
0.10953 0.47348 
0.11667 0.47326 
0.10719 0.47138 
0.11522 0.46887 
0.11737 0.47414 
0.10827 0.47701 
0.11316 0.46758 
0.11651 0.4696 
0.10937 0.46799 
0.10961 0.47826 
0.11867 0.47514 
0.11233 0.46597 
0.10519 0.47501 
0.11001 0.46564 
0.11307 0.48098 
0.10944 0.46516 
0.10494 0.46763 
0.10292 0.47275 
0.10369 0.47721 
0.12155 0.47446 
0.0667 0.62581 
0.06465 0.6263 
0.06805 0.62724 
0.06915 0.62437 
0.06355 0.62698 
0.06289 0.62377 
0.06289 0.62708 
0.06397 0.6205 
0.06315 0.62914 
0.06113 0.62631 
0.0622 0.62132 
0.06447 0.61967 
0.06989 0.61999 
0.07218 0.62206 
0.06187 0.6306 
0.07349 0.62606 
0.06732 0.61778 
0.07379 0.62296 
0.06848 0.61751 
0.07421 0.62317 
0.92069 0.71986 
0.92085 0.72247 
0.92003 0.72224 
0.92301 0.72183 
0.92339 0.72124 
0.92035 0.71813 
0.91834 0.71944 
0.92193 0.72412 
0.9245 0.7215 
0.92031 0.71722 
0.92187 0.72506 
0.92553 0.71924 
0.91958 0.71586 
0.92651 0.72083 
0.91712 0.71672 
0.92116 0.71524 
0.92145 0.72706 
0.92655 0.71809 
0.91476 0.72189 
0.91565 0.71745 
0.92591 0.59645 
0.92482 0.59824 
0.92522 0.59362 
0.92707 0.59806 
0.92768 0.59421 
0.92545 0.5995 
0.92196 0.59642 
0.92682 0.59958 
0.9294 0.59431 
0.92729 0.59188 
0.92495 0.59151 
0.93012 0.59609 
0.92153 0.59843 
0.92064 0.59646 
0.92403 0.60078 
0.9212 0.59869 
0.92011 0.5978 
0.93142 0.59631 
0.92777 0.59046 
0.92129 0.59098 
0.67541 0.44018 
0.67786 0.44358 
0.67369 0.44404 
0.67858 0.44543 
0.67647 0.44674 
0.67217 0.44559 
0.67085 0.44067 
0.67638 0.44721 
0.67532 0.43689 
0.68013 0.44507 
0.67842 0.43743 
0.67232 0.44673 
0.67828 0.44799 
0.67295 0.43628 
0.66971 0.43972 
0.66959 0.44421 
0.67501 0.44869 
0.68176 0.44504 
0.67887 0.43601 
0.68345 0.44474 
0.87409 0.76921 
0.8762 0.76907 
0.87543 0.77385 
0.87772 0.77227 
0.87738 0.76826 
0.8785 0.7719 
0.86994 0.77062 
0.87285 0.77498 
0.87537 0.76489 
0.86841 0.76865 
0.87352 0.77706 
0.87719 0.77671 
0.87676 0.76446 
0.88092 0.76898 
0.87096 0.77678 
0.88134 0.77135 
0.8724 0.76358 
0.87545 0.77808 
0.8768 0.77781 
0.88096 0.77526 
0.51323 0.71826 
0.52068 0.71852 
0.51906 0.72366 
0.51507 0.71473 
0.5112 0.71934 
0.5118 0.72342 
0.51345 0.72533 
0.51273 0.71444 
0.51334 0.71396 
0.51255 0.71436 
0.51037 0.72265 
0.52275 0.71531 
0.51951 0.72689 
0.51104 0.72587 
0.52539 0.71935 
0.52514 0.72195 
0.51147 0.7266 
0.52161 0.7121 
0.51933 0.7284 
0.52579 0.71748 
0.19914 0.01462 
0.20079 0.01456 
0.20141 0.0155 
0.19429 0.01194 
0.19403 0.01707 
0.19926 0.01885 
0.19891 0.01005 
0.20119 0.0112 
0.19329 0.01626 
0.19905 0.00963 
0.20282 0.01638 
0.19612 0.00882 
0.19172 0.01445 
0.1919 0.01708 
0.19309 0.01895 
0.20468 0.01444 
0.20221 0.01996 
0.19306 0.01975 
0.19114 0.01706 
0.19291 0.00916 
0.04133 0.66539 
0.04263 0.6657 
0.04027 0.6612 
0.03861 0.66546 
0.03811 0.66206 
0.04581 0.66573 
0.04297 0.66852 
0.0422 0.66907 
0.04616 0.66103 
0.0391 0.65911 
0.0384 0.66866 
0.04732 0.66453 
0.03594 0.66577 
0.04193 0.65802 
0.04166 0.67029 
0.0407 0.65762 
0.04029 0.65722 
0.0368 0.66905 
0.0428 0.65708 
0.04812 0.66734 
0.72998 0.8797 
0.73269 0.87943 
0.7326 0.87927 
0.73159 0.88326 
0.73291 0.88443 
0.73547 0.88125 
0.73577 0.88277 
0.72842 0.88499 
0.72938 0.88562 
0.72542 0.87897 
0.72981 0.87399 
0.73169 0.88714 
0.72508 0.88392 
0.72379 0.87908 
0.7264 0.88649 
0.7267 0.88719 
0.72843 0.88844 
0.72501 0.88657 
0.72956 0.87179 
0.72341 0.88502 
0.4137 0.85616 
0.41455 0.8564 
0.4159 0.85425 
0.41167 0.85752 
0.40998 0.8571 
0.41888 0.85735 
0.41932 0.85647 
0.41548 0.84993 
0.41084 0.85996 
0.41237 0.86104 
0.41602 0.84954 
0.41805 0.85056 
0.40871 0.85866 
0.41008 0.8504 
0.40776 0.85299 
0.41394 0.86239 
0.4157 0.84828 
0.4119 0.86255 
0.4199 0.86015 
0.41892 0.84926 
0.37375 0.53939 
0.374 0.5355 
0.37159 0.5393 
0.37116 0.53788 
0.37084 0.53801 
0.37104 0.53644 
0.3745 0.53404 
0.37259 0.53246 
0.36824 0.53748 
0.37769 0.5334 
0.37546 0.54391 
0.3796 0.54032 
0.37835 0.54243 
0.37983 0.53611 
0.36984 0.54302 
0.37821 0.53304 
0.37182 0.54429 
0.36845 0.53399 
0.37585 0.54522 
0.37986 0.53337 
0.29564 0.30299 
0.29476 0.30566 
0.29382 0.30488 
0.29972 0.30437 
0.2938 0.30182 
0.29534 0.30012 
0.29446 0.30773 
0.2992 0.30067 
0.2999 0.30111 
0.29053 0.30355 
0.30057 0.29976 
0.29019 0.30363 
0.29592 0.31047 
0.30248 0.30062 
0.30281 0.30108 
0.28932 0.30287 
0.30257 0.30835 
0.28906 0.30248 
0.29614 0.31161 
0.30036 0.29748 
0.87349 0.70069 
0.8725 0.69935 
0.87324 0.70288 
0.87302 0.6975 
0.87116 0.70061 
0.87093 0.70105 
0.87803 0.69845 
0.86926 0.70002 
0.87354 0.69486 
0.87118 0.69567 
0.87294 0.70646 
0.87167 0.69398 
0.88093 0.69686 
0.86824 0.70387 
0.88121 0.70329 
0.88017 0.69521 
0.88033 0.69537 
0.87793 0.69321 
0.87436 0.70811 
0.87725 0.69285 
0.72973 0.2115 
0.73114 0.21217 
0.72707 0.21234 
0.72858 0.21023 
0.72988 0.21588 
0.72643 0.21027 
0.72904 0.21674 
0.7297 0.20858 
0.72909 0.20834 
0.72462 0.21379 
0.73458 0.21369 
0.73276 0.20827 
0.73024 0.21852 
0.73282 0.20775 
0.72623 0.21809 
0.72656 0.21833 
0.72454 0.21743 
0.73579 0.20976 
0.72581 0.21885 
0.72283 0.20953 
0.61565 0.34195 
0.61833 0.34108 
0.61645 0.33912 
0.61786 0.33899 
0.61558 0.34452 
0.61534 0.33805 
0.61337 0.33834 
0.61907 0.34538 
0.62125 0.34117 
0.61486 0.34608 
0.61364 0.33732 
0.61088 0.34365 
0.6225 0.34473 
0.61014 0.33862 
0.61682 0.34878 
0.6172 0.33427 
0.61765 0.33409 
0.61193 0.33544 
0.62223 0.34678 
0.62352 0.33731 
0.26299 0.00043 
0.2644 0.00289 
0.25686 0.0021 
0.26538 0.00231 
0.26509 0.00446 
0.25891 0.00701 
0.25676 0.00529 
0.25678 0.00605 
0.25513 0.00196 
0.25517 0.00152 
0.2548 0.0007 
0.26795 0.00328 
0.26574 0.00772 
0.26398 0.00909 
0.25411 0.00611 
0.26881 0.00416 
0.26842 0.00632 
0.25582 0.00952 
0.2679 0.00818 
0.26066 0.01181 
0.75048 0.30524 
0.75152 0.30146 
0.75039 0.30658 
0.7541 0.3052 
0.74793 0.30497 
0.75046 0.30777 
0.74857 0.30029 
0.75144 0.29933 
0.74852 0.30775 
0.75618 0.30491 
0.753 0.3089 
0.75409 0.29926 
0.75266 0.30919 
0.74556 0.30227 
0.74942 0.30965 
0.74584 0.30075 
0.74933 0.2971 
0.75764 0.30726 
0.75862 0.30389 
0.75783 0.30051 
0.53738 0.67893 
0.53456 0.67829 
0.53872 0.67831 
0.5325 0.67974 
0.53893 0.68371 
0.53198 0.68236 
0.53504 0.67587 
0.53143 0.6821 
0.54086 0.68129 
0.53934 0.68565 
0.54203 0.67879 
0.53116 0.68467 
0.52941 0.68006 
0.54184 0.6838 
0.53326 0.68717 
0.53313 0.68741 
0.54212 0.68518 
0.53047 0.68588 
0.53283 0.68768 
0.54094 0.68684 
0.49872 0.61947 
0.50065 0.61977 
0.50159 0.61897 
0.49719 0.61706 
0.49615 0.62155 
0.5014 0.62242 
0.50352 0.61859 
0.49449 0.62019 
0.50355 0.6184 
0.50184 0.61524 
0.50193 0.62392 
0.49432 0.62246 
0.49525 0.62371 
0.50129 0.61387 
0.4931 0.61992 
0.50064 0.61354 
0.49289 0.62027 
0.50226 0.61383 
0.5028 0.61401 
0.49372 0.61524 
0.36813 0.1428 
0.36477 0.14522 
0.36641 0.14621 
0.36265 0.13862 
0.36259 0.14572 
0.36209 0.14536 
0.36376 0.13709 
0.3639 0.13654 
0.36558 0.14786 
0.36455 0.14779 
0.36094 0.13825 
0.37182 0.14446 
0.36158 0.13723 
0.36843 0.14879 
0.36035 0.14668 
0.35844 0.13941 
0.3659 0.14992 
0.36038 0.14795 
0.36042 0.13579 
0.3709 0.13524 
0.44163 0.55181 
0.44585 0.54827 
0.44603 0.54905 
0.44212 0.55312 
0.44065 0.55298 
0.43923 0.55216 
0.4442 0.5532 
0.4378 0.54843 
0.43736 0.54926 
0.44746 0.54783 
0.43875 0.54493 
0.43658 0.54999 
0.44767 0.54645 
0.44727 0.54552 
0.43844 0.55404 
0.44229 0.5558 
0.43601 0.55088 
0.43657 0.55272 
0.43647 0.54576 
0.44112 0.54184 
0.87518 0.92177 
0.87195 0.9226 
0.8757 0.91895 
0.87482 0.92291 
0.87507 0.91749 
0.86939 0.92032 
0.86804 0.92071 
0.87065 0.92614 
0.86741 0.91768 
0.86729 0.92309 
0.87604 0.92674 
0.87389 0.91339 
0.87385 0.91294 
0.86631 0.91664 
0.87059 0.91277 
0.88179 0.92308 
0.86711 0.91423 
0.87187 0.92911 
0.87977 0.92676 
0.88247 0.9206 
0.8971 0.33799 
0.89963 0.33714 
0.89808 0.33451 
0.8952 0.33491 
0.90015 0.33929 
0.90108 0.33497 
0.90055 0.33291 
0.90151 0.34142 
0.9028 0.34069 
0.89445 0.33108 
0.89124 0.34039 
0.90437 0.33957 
0.90447 0.3351 
0.90411 0.33258 
0.88926 0.34002 
0.90582 0.33617 
0.89464 0.32877 
0.90511 0.33288 
0.89009 0.34263 
0.90077 0.32879 
0.15131 0.04799 
0.15404 0.05186 
0.15085 0.05181 
0.15293 0.04547 
0.15673 0.04764 
0.15472 0.0454 
0.15734 0.04801 
0.14866 0.04841 
0.1569 0.04632 
0.1561 0.05381 
0.14974 0.05383 
0.15978 0.0499 
0.14641 0.04686 
0.15539 0.04216 
0.15457 0.04174 
0.14769 0.05451 
0.15448 0.05717 
0.16035 0.04493 
0.15132 0.05734 
0.16112 0.05204 
0.8708 0.48862 
0.87154 0.49043 
0.87154 0.48789 
0.87332 0.48863 
0.87003 0.49393 
0.86921 0.48513 
0.87243 0.48636 
0.87368 0.48797 
0.86717 0.48508 
0.86827 0.49524 
0.87482 0.49142 
0.86323 0.48727 
0.87131 0.49582 
0.86248 0.48821 
0.86576 0.48342 
0.86642 0.4829 
0.8764 0.4909 
0.87653 0.48784 
0.86136 0.489 
0.87661 0.49248 
0.27736 0.8717 
0.27706 0.87129 
0.27973 0.87139 
0.27766 0.87415 
0.28019 0.87199 
0.28042 0.8731 
0.28098 0.8735 
0.27462 0.87395 
0.27459 0.86929 
0.28241 0.86972 
0.27772 0.86737 
0.27982 0.87768 
0.27554 0.86726 
0.28315 0.87649 
0.27193 0.87311 
0.28485 0.87359 
0.27257 0.8682 
0.27829 0.8652 
0.27973 0.87981 
0.27499 0.86529 
0.58101 0.73751 
0.58186 0.7394 
0.58314 0.73883 
0.58363 0.7354 
0.57976 0.73394 
0.58524 0.73645 
0.57982 0.73312 
0.57946 0.73321 
0.57701 0.73556 
0.57577 0.73754 
0.58696 0.73934 
0.58601 0.73307 
0.5796 0.73098 
0.58782 0.73642 
0.5883 0.73552 
0.58399 0.74456 
0.58925 0.73521 
0.57783 0.74461 
0.57309 0.73649 
0.58784 0.7318 
0.23203 0.08713 
0.22982 0.08925 
0.23252 0.09032 
0.22957 0.08944 
0.23445 0.08878 
0.23173 0.08513 
0.22835 0.08753 
0.22771 0.08992 
0.22875 0.09216 
0.22737 0.09055 
0.23323 0.0928 
0.23081 0.09329 
0.23651 0.08906 
0.23582 0.08536 
0.2296 0.08351 
0.23016 0.09358 
0.23692 0.08762 
0.23185 0.0829 
0.23738 0.0891 
0.23674 0.08413 
0.02831 0.21419 
0.02646 0.21783 
0.03075 0.21506 
0.02565 0.21629 
0.02975 0.21989 
0.0317 0.21498 
0.03209 0.21366 
0.02412 0.21702 
0.0335 0.21762 
0.03386 0.2182 
0.03372 0.21386 
0.02638 0.22291 
0.029 0.22334 
0.02422 0.21127 
0.03479 0.22009 
0.03528 0.21403 
0.02674 0.20976 
0.03588 0.21691 
0.03227 0.21019 
0.02707 0.20919 
0.55779 0.1145 
0.55853 0.11647 
0.5578 0.11697 
0.56034 0.11605 
0.55638 0.11697 
0.55629 0.11086 
0.56325 0.1138 
0.56222 0.11119 
0.56317 0.1159 
0.56342 0.11342 
0.56212 0.11045 
0.55604 0.10921 
0.55255 0.11423 
0.56321 0.1111 
0.55837 0.12033 
0.55275 0.11775 
0.55328 0.11891 
0.55717 0.12114 
0.55156 0.11282 
0.56 0.12129 
0.786 0.84606 
0.7905 0.84592 
0.78275 0.84527 
0.78758 0.8504 
0.78239 0.84825 
0.79121 0.84901 
0.79229 0.84408 
0.78604 0.85154 
0.78261 0.84987 
0.78867 0.83992 
0.7907 0.85091 
0.78034 0.84452 
0.78015 0.84557 
0.78157 0.84117 
0.78112 0.84161 
0.77962 0.84603 
0.77952 0.84661 
0.79368 0.84852 
0.79107 0.85188 
0.78849 0.85312 
0.75156 0.32413 
0.74978 0.32299 
0.74884 0.32504 
0.75179 0.32137 
0.74766 0.32601 
0.75237 0.3284 
0.74728 0.32751 
0.74748 0.32057 
0.7553 0.32795 
0.75466 0.3296 
0.74515 0.32299 
0.75486 0.31876 
0.74386 0.32264 
0.757 0.3189 
0.74746 0.31684 
0.75343 0.3324 
0.74413 0.31989 
0.75996 0.32424 
0.75952 0.3271 
0.74283 0.32518 
0.75213 0.94118 
0.75071 0.94328 
0.75066 0.93887 
0.75075 0.94391 
0.75135 0.93675 
0.75451 0.94512 
0.74663 0.94331 
0.75813 0.94029 
0.74698 0.94464 
0.75433 0.93513 
0.75853 0.94148 
0.74966 0.93499 
0.75028 0.94745 
0.74796 0.93573 
0.75946 0.94065 
0.74472 0.94112 
0.74472 0.93952 
0.75771 0.9357 
0.75982 0.94214 
0.75745 0.93532 
0.87154 0.49043 
0.8708 0.48862 
0.87003 0.49393 
0.87154 0.48789 
0.87332 0.48863 
0.87482 0.49142 
0.87368 0.48797 
0.87131 0.49582 
0.87243 0.48636 
0.86827 0.49524 
0.8764 0.4909 
0.87661 0.49248 
0.86921 0.48513 
0.87653 0.48784 
0.87717 0.48947 
0.86717 0.48508 
0.87658 0.49572 
0.87112 0.49856 
0.8669 0.49796 
0.86323 0.48727 
0.97416 0.92785 
0.97806 0.92709 
0.97886 0.92408 
0.97205 0.92892 
0.97888 0.92189 
0.97512 0.91944 
0.97826 0.93003 
0.97171 0.91952 
0.9733 0.9188 
0.97292 0.91873 
0.97759 0.93138 
0.97061 0.9189 
0.98159 0.92277 
0.97874 0.93192 
0.96904 0.93113 
0.98231 0.92178 
0.97452 0.91625 
0.96573 0.92732 
0.96538 0.92688 
0.97521 0.91589 
