0.918202 0.745178 0.155785 0.0075452 
0.936954 0.741577 0.145553 0.00926003 
0.937159 0.736399 0.164651 0.00954115 
0.886664 0.738914 0.145274 0.00962409 
0.943774 0.737884 0.181674 0.00967681 
0.877156 0.735191 0.177603 0.0101319 
0.898598 0.729787 0.162546 0.0102943 
0.933875 0.733475 0.19827 0.0105215 
0.956336 0.739285 0.15826 0.0105422 
0.924689 0.736573 0.215094 0.0107314 
0.848174 0.746783 0.184889 0.010966 
0.863503 0.73537 0.179221 0.011214 
0.944938 0.734024 0.141796 0.0113571 
0.950822 0.729786 0.158908 0.0118633 
0.930897 0.729545 0.211744 0.0120361 
0.896334 0.723712 0.14859 0.0120866 
0.872752 0.738416 0.220385 0.0120929 
0.913554 0.719257 0.173176 0.0122801 
0.946446 0.724908 0.183005 0.0124471 
0.976633 0.740068 0.166427 0.012503 
0.799963 0.921748 0.501762 0.00702117 
0.79416 0.881584 0.507963 0.00727021 
0.770397 0.901268 0.505901 0.00746702 
0.806181 0.869009 0.509435 0.0080891 
0.795994 0.875819 0.513971 0.0084836 
0.759672 0.907 0.507409 0.00848508 
0.779517 0.907493 0.513723 0.00860795 
0.818248 0.895512 0.51483 0.00892646 
0.773748 0.866075 0.514166 0.0093726 
0.810727 0.835002 0.50186 0.00972641 
0.812741 0.920336 0.518288 0.0101041 
0.771189 0.930626 0.513596 0.0101322 
0.815604 0.841923 0.508573 0.0102572 
0.754278 0.872507 0.518187 0.0110105 
0.844239 0.887124 0.518371 0.0115121 
0.763617 0.865487 0.522575 0.0115263 
0.753679 0.87018 0.520406 0.0115834 
0.770202 0.849856 0.519729 0.0116954 
0.827527 0.904695 0.525835 0.0117237 
0.841644 0.914359 0.520426 0.0121021 
0.81389 0.493406 0.652973 0.00104819 
0.821504 0.497219 0.652835 0.00107541 
0.821572 0.499041 0.659338 0.00117838 
0.789426 0.492085 0.655383 0.00122744 
0.80344 0.496111 0.671773 0.00154876 
0.783638 0.495953 0.666198 0.00161035 
0.793087 0.488111 0.663835 0.00169621 
0.798779 0.48263 0.659595 0.0018491 
0.793724 0.498373 0.678478 0.00196254 
0.823378 0.483561 0.654467 0.00204103 
0.803546 0.476239 0.653153 0.00218698 
0.780222 0.480386 0.64833 0.00223906 
0.804752 0.482259 0.675632 0.00269702 
0.825656 0.475821 0.653258 0.00276064 
0.845923 0.49271 0.630066 0.00285356 
0.774259 0.48268 0.669496 0.00308163 
0.847495 0.497116 0.620275 0.00308278 
0.849542 0.493638 0.629848 0.00313299 
0.834283 0.47434 0.640303 0.00324239 
0.753212 0.496316 0.658811 0.00336216 
0.500428 0.126222 0.199716 0.00708458 
0.50344 0.0959034 0.171482 0.00720301 
0.500588 0.129276 0.1993 0.00730889 
0.504768 0.109742 0.176466 0.0074168 
0.501688 0.124763 0.173532 0.00772302 
0.510232 0.0864872 0.217925 0.00822651 
0.511153 0.111831 0.207252 0.00827501 
0.502132 0.0558947 0.220971 0.00844852 
0.504795 0.0768661 0.235317 0.00859152 
0.506008 0.0559798 0.185345 0.008618 
0.503451 0.0772851 0.239567 0.00870309 
0.515841 0.100247 0.205875 0.00884012 
0.516951 0.108559 0.188476 0.0091945 
0.516379 0.111117 0.212157 0.00933302 
0.517353 0.100196 0.179171 0.00934995 
0.500025 0.114758 0.141665 0.00945666 
0.511074 0.0552081 0.205259 0.00949346 
0.505427 0.0399318 0.200305 0.00990536 
0.52221 0.106651 0.183574 0.0102725 
0.505297 0.135589 0.153976 0.010366 
0.546292 0.508132 0.136772 0.000879035 
0.542655 0.51025 0.150134 0.00100514 
0.506786 0.505686 0.145938 0.00112319 
0.552791 0.510606 0.135791 0.00126102 
0.520056 0.506772 0.165303 0.00135836 
0.536636 0.515569 0.160275 0.00153995 
0.532669 0.518358 0.157886 0.00160103 
0.513605 0.51494 0.1588 0.00169053 
0.553538 0.505741 0.11047 0.00185893 
0.558619 0.504104 0.164397 0.0018681 
0.50875 0.505168 0.108647 0.00189025 
0.551573 0.512008 0.166203 0.00201177 
0.548686 0.521528 0.12204 0.00209547 
0.509241 0.52952 0.133915 0.00263704 
0.531394 0.526797 0.168653 0.00278438 
0.513861 0.522309 0.170515 0.00280461 
0.544467 0.507541 0.184705 0.00287126 
0.558207 0.523591 0.164513 0.00304949 
0.570251 0.504812 0.107388 0.00305043 
0.50954 0.52754 0.109982 0.00326494 
0.507548 0.425559 0.758512 0.00222283 
0.525492 0.418767 0.761954 0.00240403 
0.517673 0.387114 0.763727 0.00276877 
0.540907 0.433692 0.758394 0.00320948 
0.533141 0.422407 0.767653 0.00328508 
0.504921 0.417885 0.772931 0.00350317 
0.504426 0.363111 0.756637 0.00379628 
0.523337 0.413146 0.776379 0.0038201 
0.515136 0.45171 0.764785 0.00436755 
0.551739 0.429151 0.766324 0.00442586 
0.543899 0.440241 0.765825 0.00445205 
0.504032 0.401703 0.781728 0.00454466 
0.514333 0.449179 0.768836 0.00456757 
0.556689 0.377097 0.758814 0.00459327 
0.521425 0.411405 0.783398 0.00467971 
0.511084 0.44699 0.771798 0.0047286 
0.523426 0.396074 0.78325 0.00481432 
0.507277 0.359264 0.764684 0.00483267 
0.56468 0.414156 0.765284 0.00503286 
0.539903 0.426846 0.779132 0.0050618 
0.955828 0.50092 0.332307 0.0121853 
0.953437 0.506885 0.316342 0.0136101 
0.925455 0.50806 0.335755 0.0136698 
0.899846 0.503944 0.311331 0.0143329 
0.929092 0.503624 0.372125 0.0143504 
0.883955 0.502885 0.336811 0.0152839 
0.961814 0.503553 0.377737 0.0153222 
0.976022 0.500281 0.280126 0.0156104 
0.960834 0.515636 0.341372 0.0159411 
0.97778 0.508764 0.300789 0.0160377 
0.966576 0.50686 0.375416 0.0161013 
0.969926 0.505021 0.378039 0.0161311 
0.994418 0.505548 0.317824 0.0162015 
0.890467 0.509735 0.33839 0.0162119 
0.967105 0.512971 0.301646 0.0162568 
0.968011 0.516211 0.332908 0.0163333 
0.916147 0.518475 0.316956 0.0166408 
0.890058 0.507891 0.29578 0.0168877 
0.887306 0.509274 0.302187 0.01709 
0.96246 0.516612 0.361296 0.0171253 
0.746178 0.504096 0.524495 0.0562234 
0.706263 0.501191 0.509051 0.0564894 
0.783109 0.515743 0.507113 0.0570161 
0.829791 0.504543 0.521435 0.0571052 
0.701877 0.508284 0.505048 0.059531 
0.714334 0.504521 0.529632 0.0606349 
0.839022 0.502712 0.538218 0.0608325 
0.704141 0.508952 0.517915 0.0616864 
0.841255 0.516446 0.513099 0.0620558 
0.754668 0.513011 0.537956 0.0624374 
0.736227 0.518091 0.522763 0.0628101 
0.761118 0.49971 0.563458 0.0628212 
0.740762 0.507153 0.546691 0.0628235 
0.791523 0.517917 0.533013 0.0630181 
0.761937 0.504685 0.558012 0.0634141 
0.859881 0.508406 0.528825 0.0641255 
0.777388 0.528801 0.513758 0.0641759 
0.867796 0.503532 0.534104 0.0644764 
0.810381 0.519033 0.536292 0.065021 
0.774696 0.518228 0.543383 0.0654031 
0.0918833 0.0568757 0.139741 0.000278479 
0.114105 0.0428919 0.141235 0.000629388 
0.105823 0.0509449 0.148832 0.000636376 
0.0903416 0.0513906 0.155504 0.00102059 
0.0779991 0.0465917 0.149811 0.00111306 
0.0987777 0.0900248 0.129294 0.00131306 
0.128142 0.0647848 0.145527 0.00140591 
0.126995 0.0484701 0.152921 0.00161737 
0.0944952 0.09301 0.138124 0.00171223 
0.117453 0.0273465 0.153567 0.00188946 
0.102615 0.0676085 0.166711 0.00195377 
0.0800689 0.0792285 0.156567 0.00199194 
0.069008 0.0705485 0.155132 0.00207781 
0.0858581 0.0674297 0.168329 0.00223966 
0.114321 0.0450049 0.16872 0.00225163 
0.0885389 0.0259086 0.162521 0.00232007 
0.0909918 0.00354982 0.132951 0.00267903 
0.0693713 0.0965416 0.13462 0.00276551 
0.0784843 0.0718467 0.172916 0.00304247 
0.0814347 0.00887061 0.151467 0.00305438 
0.73431 0.787724 0.807559 0.00206987 
0.739364 0.772954 0.818012 0.00211416 
0.731161 0.790295 0.789087 0.00262023 
0.735579 0.811978 0.825462 0.00276056 
0.726695 0.780443 0.801547 0.00293586 
0.733372 0.768435 0.786691 0.00301993 
0.743214 0.755678 0.831501 0.00327155 
0.734801 0.769916 0.834129 0.0032847 
0.728914 0.820427 0.803128 0.00342135 
0.735829 0.785172 0.844766 0.00349297 
0.7257 0.782168 0.829827 0.00358048 
0.730405 0.820393 0.829611 0.00384314 
0.733733 0.810738 0.844717 0.00401424 
0.742946 0.810691 0.753678 0.00440957 
0.714824 0.789008 0.788882 0.00448146 
0.716481 0.774738 0.786348 0.00463127 
0.737205 0.75075 0.840124 0.00464283 
0.748707 0.807444 0.866903 0.00497751 
0.708984 0.784727 0.810052 0.00505312 
0.72485 0.770597 0.848495 0.00527427 
0.210178 0.255788 0.170105 0.00653651 
0.234423 0.254228 0.198664 0.00700144 
0.174218 0.252631 0.200868 0.00700472 
0.192511 0.258831 0.20372 0.00725548 
0.207756 0.257313 0.2188 0.00759779 
0.195028 0.256139 0.146463 0.00799751 
0.194872 0.262573 0.21195 0.00818827 
0.183669 0.261168 0.162315 0.00819905 
0.197322 0.263081 0.158365 0.00830811 
0.210829 0.266982 0.16873 0.00848574 
0.2313 0.265437 0.201375 0.00877492 
0.198272 0.271076 0.187117 0.00898227 
0.184111 0.269666 0.176505 0.00922065 
0.211816 0.266155 0.15123 0.00925497 
0.244862 0.25261 0.136116 0.00977386 
0.227856 0.274128 0.175344 0.0101033 
0.194463 0.26993 0.224843 0.0103542 
0.219697 0.272224 0.150846 0.0105612 
0.183999 0.2626 0.237902 0.0105759 
0.195627 0.272753 0.224573 0.0108429 
0.638315 0.921036 0.563716 0.000925197 
0.62908 0.898424 0.583832 0.00111532 
0.637818 0.905999 0.57819 0.00115881 
0.631848 0.88727 0.567365 0.0013236 
0.630692 0.931378 0.538293 0.00138828 
0.638449 0.889422 0.558129 0.00157101 
0.626839 0.896532 0.594226 0.00162896 
0.638676 0.937455 0.548313 0.00164246 
0.646557 0.928966 0.56535 0.00164844 
0.62878 0.886786 0.584839 0.00166428 
0.648097 0.912044 0.581392 0.00190117 
0.640733 0.881245 0.563655 0.00216976 
0.631735 0.907174 0.60442 0.00228903 
0.650803 0.915435 0.585841 0.00229563 
0.646616 0.945131 0.568887 0.00239608 
0.65713 0.919711 0.569217 0.00242044 
0.647981 0.927637 0.592938 0.00259731 
0.640411 0.87491 0.571662 0.00268548 
0.657363 0.93762 0.559679 0.00291442 
0.662168 0.920021 0.556258 0.0029532 
0.980689 0.14694 0.00227036 0.000262193 
0.958775 0.130644 0.014341 0.000326077 
0.97899 0.130707 0.000629825 0.000347791 
0.977395 0.12141 0.0078209 0.000641672 
0.992089 0.156125 0.000164414 0.000914222 
0.985022 0.120318 0.0178815 0.00114245 
0.969819 0.123779 0.0337266 0.00135528 
0.942276 0.120385 0.0227224 0.00142731 
0.967379 0.143856 0.0444071 0.00175168 
0.929184 0.12099 0.00420297 0.00176602 
0.979772 0.136622 0.041817 0.00179256 
0.98277 0.157998 0.0389247 0.00186061 
0.982733 0.117697 0.0330266 0.00187258 
0.946626 0.169688 0.035009 0.00210443 
0.984366 0.123047 0.0396518 0.00213875 
0.996627 0.111716 0.0171764 0.00218283 
0.960738 0.189136 0.0117898 0.00224061 
0.982752 0.101841 0.0184074 0.00224872 
0.932831 0.153862 0.037004 0.00233762 
0.957335 0.180072 0.0376274 0.00266601 
0.902212 0.504015 0.228028 0.006908 
0.855962 0.505838 0.245726 0.00739625 
0.88172 0.511359 0.197518 0.00821043 
0.839014 0.506907 0.204844 0.00849817 
0.835389 0.505411 0.203584 0.00859183 
0.837623 0.503504 0.188237 0.00899092 
0.909523 0.510694 0.196624 0.00920758 
0.818301 0.504095 0.224123 0.00963839 
0.888519 0.522382 0.24096 0.00988601 
0.928266 0.499755 0.181893 0.0100832 
0.867251 0.510866 0.173049 0.0101085 
0.823666 0.512063 0.225507 0.0103662 
0.933888 0.513609 0.22898 0.0111539 
0.883334 0.504205 0.15471 0.0111973 
0.877693 0.50681 0.156925 0.0112667 
0.93127 0.51849 0.227211 0.0117364 
0.84763 0.529181 0.233961 0.0117662 
0.86172 0.532666 0.213482 0.0119247 
0.932525 0.518282 0.234877 0.0119353 
0.906572 0.529254 0.210078 0.0119734 
0.498801 0.0224626 0.376074 0.00151616 
0.495281 0.0536373 0.413807 0.00156211 
0.49463 0.0459578 0.368286 0.00160906 
0.482808 0.0528876 0.387125 0.00204373 
0.487476 0.034572 0.370902 0.00209349 
0.486628 0.0550562 0.372786 0.00211094 
0.492087 0.0316849 0.361471 0.00230297 
0.48239 0.0610137 0.400988 0.00234388 
0.482615 0.0736292 0.382632 0.00291679 
0.490827 0.011888 0.416796 0.00295569 
0.488648 0.0692357 0.42401 0.00311189 
0.489192 0.084966 0.40077 0.00316114 
0.48258 0.00968451 0.408651 0.0034291 
0.494065 0.090493 0.377356 0.00343885 
0.484218 0.00543574 0.402903 0.00344001 
0.498484 0.0320733 0.443535 0.00360401 
0.472927 0.0331332 0.416942 0.00365398 
0.470347 0.0544235 0.414531 0.00380781 
0.498514 0.075843 0.437814 0.00390209 
0.477501 0.0120363 0.413455 0.00393083 
0.500428 0.126222 0.199716 0.0140797 
0.500588 0.129276 0.1993 0.0141104 
0.504386 0.149189 0.234755 0.0153474 
0.501688 0.124763 0.173532 0.0159769 
0.509632 0.152793 0.210923 0.0165044 
0.501361 0.181555 0.227191 0.0166188 
0.511153 0.111831 0.207252 0.0168606 
0.504768 0.109742 0.176466 0.0168914 
0.504791 0.16365 0.17401 0.0176897 
0.50344 0.0959034 0.171482 0.0177839 
0.503451 0.0772851 0.239567 0.0179057 
0.504795 0.0768661 0.235317 0.0181012 
0.510232 0.0864872 0.217925 0.0181608 
0.511652 0.167052 0.235823 0.018162 
0.507689 0.162654 0.175945 0.0181776 
0.516379 0.111117 0.212157 0.0181844 
0.515834 0.138501 0.193877 0.0181932 
0.517391 0.143218 0.201552 0.0184057 
0.515841 0.100247 0.205875 0.0186955 
0.509773 0.182037 0.232368 0.0188612 
0.24917 0.784693 0.678134 2.67584e-05 
0.249613 0.773076 0.689633 0.000235595 
0.23721 0.76621 0.690912 0.000487851 
0.232659 0.75806 0.685966 0.00077827 
0.236545 0.80141 0.693609 0.000795893 
0.222749 0.77051 0.664309 0.000804974 
0.227227 0.801507 0.681666 0.000805925 
0.24588 0.807662 0.666234 0.000835043 
0.23967 0.78999 0.706767 0.00101983 
0.221526 0.766392 0.691818 0.00103145 
0.24103 0.810607 0.691342 0.00112402 
0.249211 0.767448 0.709435 0.00124954 
0.223437 0.804113 0.662224 0.00126851 
0.212624 0.767523 0.67982 0.0013006 
0.219293 0.757616 0.686503 0.0013448 
0.210422 0.774553 0.665181 0.001443 
0.228131 0.788079 0.709745 0.00145522 
0.251045 0.810926 0.652458 0.00152872 
0.209568 0.781374 0.662432 0.0015377 
0.229828 0.764498 0.644937 0.00154658 
0.54837 0.0941896 0.317803 0.000226577 
0.544929 0.121563 0.310708 0.000352094 
0.539447 0.110203 0.307002 0.000384563 
0.538739 0.121134 0.326824 0.000449402 
0.545485 0.0894266 0.313412 0.000460115 
0.553034 0.107547 0.346541 0.000703385 
0.5451 0.0804667 0.306196 0.00102754 
0.5349 0.116069 0.346574 0.0011315 
0.54583 0.0919231 0.291227 0.00115407 
0.543714 0.126764 0.347961 0.00123625 
0.523915 0.101196 0.338847 0.00130095 
0.55139 0.121884 0.283073 0.00156574 
0.541093 0.0936439 0.355172 0.00160521 
0.519195 0.118402 0.337588 0.00162279 
0.549589 0.0735088 0.343882 0.00177686 
0.513374 0.0953763 0.323845 0.0018186 
0.539554 0.0751369 0.296609 0.00183542 
0.555347 0.122157 0.361686 0.00193706 
0.518206 0.104439 0.293662 0.00198462 
0.535439 0.100527 0.279556 0.00203655 
0.765161 0.500027 0.314416 0.0688241 
0.771375 0.502089 0.358875 0.0706094 
0.747959 0.506186 0.401041 0.0717775 
0.756273 0.511761 0.328163 0.0725476 
0.776543 0.506662 0.33603 0.073657 
0.757106 0.503215 0.260131 0.0748261 
0.769433 0.506183 0.287502 0.0748553 
0.782948 0.506372 0.323778 0.0751762 
0.777959 0.508635 0.366329 0.0755397 
0.760056 0.505708 0.419813 0.0761187 
0.777955 0.507583 0.298893 0.0761949 
0.773019 0.514686 0.356385 0.0772084 
0.793692 0.506405 0.328923 0.0775415 
0.807092 0.500127 0.33882 0.0777373 
0.757978 0.521486 0.325555 0.0779767 
0.813728 0.500128 0.355161 0.0797602 
0.770036 0.511956 0.412084 0.0799819 
0.778431 0.505915 0.261778 0.0799937 
0.750588 0.513999 0.42749 0.0800043 
0.812509 0.502194 0.345748 0.0802567 
0.466777 0.888462 0.356741 0.00338301 
0.472565 0.884899 0.343493 0.0034689 
0.472445 0.890415 0.357736 0.00375798 
0.457338 0.889381 0.338018 0.00391538 
0.435896 0.885503 0.330706 0.00427317 
0.418745 0.88635 0.365369 0.00436597 
0.455535 0.878436 0.31539 0.00436648 
0.432458 0.880606 0.322544 0.00449485 
0.43767 0.893696 0.343977 0.00450108 
0.412619 0.881899 0.377584 0.00461883 
0.452029 0.899245 0.352385 0.00467859 
0.457716 0.900459 0.368996 0.00479131 
0.430687 0.892487 0.340219 0.0048017 
0.478171 0.886318 0.403548 0.00522403 
0.484194 0.881019 0.406645 0.00524713 
0.486593 0.889354 0.395448 0.0054091 
0.498906 0.881071 0.327616 0.00550286 
0.439084 0.886681 0.312178 0.0057898 
0.452003 0.906774 0.350388 0.00579625 
0.45783 0.901879 0.392929 0.00589558 
0.238825 0.607691 0.865774 0.000525886 
0.240256 0.614138 0.871373 0.000668143 
0.214832 0.584781 0.873435 0.000843535 
0.241669 0.572949 0.85396 0.000931831 
0.248727 0.578337 0.907442 0.000948374 
0.220446 0.579972 0.856 0.00114493 
0.214628 0.592332 0.860259 0.00116942 
0.22461 0.578471 0.851447 0.0012417 
0.221007 0.573976 0.903087 0.00128234 
0.235514 0.55519 0.871985 0.00130093 
0.231891 0.626562 0.879507 0.00147704 
0.240227 0.565798 0.848896 0.00151183 
0.221279 0.558448 0.888447 0.00152252 
0.242517 0.559384 0.904197 0.00153283 
0.238507 0.626694 0.895061 0.00162987 
0.238958 0.563712 0.913127 0.00182567 
0.251121 0.594854 0.921202 0.00183917 
0.213903 0.579719 0.849115 0.00185562 
0.207433 0.588634 0.905147 0.00191378 
0.227972 0.600975 0.919182 0.00192628 
0.507837 0.434913 0.0293143 0.0348884 
0.509709 0.432025 0.0187233 0.0353594 
0.502334 0.454569 0.0559148 0.0353803 
0.504836 0.365354 0.0414956 0.0360226 
0.512759 0.42698 0.0203138 0.0363485 
0.512469 0.43321 0.0140821 0.0364679 
0.504734 0.355259 0.0241134 0.0365699 
0.513047 0.398774 0.00860958 0.0365853 
0.505628 0.405642 0.0740395 0.0366046 
0.506931 0.45229 0.0528437 0.0366529 
0.513184 0.397153 0.0292093 0.03669 
0.50271 0.472798 0.0491536 0.0368965 
0.501054 0.351585 0.0548401 0.0369513 
0.503254 0.400007 0.083177 0.0369516 
0.502706 0.389756 0.0887998 0.0378867 
0.502964 0.370301 0.0800691 0.0381296 
0.505129 0.469703 0.0613547 0.0383037 
0.501177 0.335942 0.0411002 0.0383707 
0.509418 0.470063 0.0381411 0.0384935 
0.516621 0.409494 0.0483811 0.0385306 
0.500684 0.493905 0.532883 0.0635286 
0.504942 0.492971 0.488113 0.0689621 
0.504989 0.457544 0.556052 0.0691809 
0.508042 0.467198 0.555384 0.0695207 
0.506138 0.492181 0.607742 0.0699483 
0.508817 0.49779 0.600495 0.0701523 
0.508886 0.495424 0.604434 0.0707627 
0.51009 0.477319 0.502743 0.0713539 
0.501783 0.431795 0.565603 0.0719694 
0.51589 0.497122 0.582623 0.0722791 
0.50266 0.446456 0.490402 0.0726852 
0.519479 0.490085 0.526487 0.0737381 
0.518954 0.490751 0.518537 0.0737925 
0.509481 0.498295 0.467449 0.0738188 
0.499777 0.558789 0.440209 0.0743806 
0.505415 0.488819 0.451279 0.0751477 
0.508403 0.432519 0.564985 0.0751774 
0.521532 0.49525 0.586392 0.0756945 
0.503149 0.424391 0.602856 0.076898 
0.507278 0.430322 0.499117 0.0769221 
0.0714194 0.505414 0.733865 0.0596343 
0.0753253 0.505986 0.722433 0.0598093 
0.0943004 0.510308 0.735148 0.0605768 
0.100382 0.507703 0.695482 0.0608743 
0.153913 0.503794 0.689797 0.0609081 
0.145522 0.510419 0.750035 0.0613806 
0.0922639 0.509992 0.700508 0.0618795 
0.142512 0.504428 0.673054 0.0623146 
0.124113 0.515402 0.732751 0.0628321 
0.0861884 0.512445 0.701158 0.0633411 
0.0323276 0.504509 0.746559 0.0641245 
0.121734 0.518945 0.717294 0.0649671 
0.0911393 0.505161 0.655281 0.0649909 
0.189437 0.502834 0.685257 0.065001 
0.0882757 0.517848 0.716532 0.065047 
0.119801 0.51884 0.706526 0.0654423 
0.0439105 0.510263 0.710819 0.0657959 
0.167491 0.516119 0.72067 0.0662125 
0.141717 0.520777 0.728792 0.0662721 
0.146638 0.508747 0.661152 0.0663331 
0.502531 0.548636 0.053577 0.031824 
0.504656 0.555512 0.0882463 0.0320389 
0.507744 0.553991 0.0928074 0.0332821 
0.502135 0.606302 0.0879213 0.0334222 
0.504529 0.51553 0.0796701 0.0337122 
0.510874 0.561146 0.0707573 0.034226 
0.504355 0.55497 0.0274927 0.0343131 
0.509793 0.580258 0.0873583 0.034351 
0.502717 0.605243 0.109339 0.034435 
0.506276 0.509612 0.0756941 0.0348797 
0.51033 0.591054 0.0669206 0.0351489 
0.50954 0.52754 0.109982 0.0356944 
0.50952 0.604178 0.0803297 0.0357776 
0.513211 0.530837 0.0835782 0.0358418 
0.512644 0.524641 0.0716078 0.0360063 
0.513353 0.590242 0.0726923 0.036132 
0.508849 0.563688 0.0253783 0.0361677 
0.515253 0.547006 0.0928856 0.0361806 
0.499937 0.575124 0.00166857 0.0362707 
0.502631 0.625188 0.104618 0.0363914 
0.249869 0.0970102 0.790041 0.000244453 
0.220572 0.0890415 0.783792 0.000402461 
0.232469 0.0731457 0.795895 0.000534864 
0.251172 0.0622134 0.786905 0.000856864 
0.236727 0.0597521 0.770848 0.000951274 
0.210944 0.0791142 0.777018 0.000974079 
0.209657 0.0988829 0.771774 0.00112895 
0.217601 0.0691024 0.796029 0.00113819 
0.213112 0.0805443 0.759546 0.00126152 
0.22933 0.117462 0.761656 0.00131302 
0.248377 0.0955502 0.816002 0.00135236 
0.236318 0.118845 0.756367 0.00151857 
0.219391 0.0876415 0.814453 0.00157793 
0.220805 0.0505168 0.772316 0.00191529 
0.224262 0.127453 0.767335 0.00194016 
0.204438 0.114831 0.781634 0.00197544 
0.216458 0.118092 0.756014 0.00204769 
0.232803 0.114683 0.81731 0.0020675 
0.228453 0.0534966 0.81255 0.00239477 
0.19307 0.0966654 0.769914 0.00242072 
0.511765 0.638243 0.0628151 0.0017494 
0.50632 0.624544 0.0919791 0.00178433 
0.501816 0.656244 0.052558 0.00180591 
0.502135 0.606302 0.0879213 0.00199694 
0.50981 0.63379 0.095182 0.00211628 
0.502631 0.625188 0.104618 0.00222809 
0.50952 0.604178 0.0803297 0.00242431 
0.515657 0.620122 0.0519568 0.00251339 
0.512228 0.640491 0.101303 0.00270195 
0.525834 0.626169 0.0575469 0.00322839 
0.502717 0.605243 0.109339 0.00329502 
0.51033 0.591054 0.0669206 0.00333867 
0.511432 0.667333 0.0958602 0.00344353 
0.52225 0.647394 0.0449215 0.00348748 
0.513353 0.590242 0.0726923 0.00364635 
0.508879 0.674412 0.0939611 0.00368426 
0.51027 0.616696 0.0264421 0.00376146 
0.528031 0.623149 0.0958534 0.00399795 
0.524837 0.59734 0.0537056 0.00447104 
0.516713 0.58492 0.0599677 0.00453523 
0.500185 0.861221 0.571622 0.0143388 
0.500535 0.831343 0.581925 0.0145118 
0.502983 0.870654 0.547121 0.0152836 
0.502595 0.800862 0.562083 0.0158185 
0.506658 0.866384 0.569828 0.016079 
0.505571 0.80028 0.556809 0.0165397 
0.512243 0.839646 0.527198 0.0173938 
0.514721 0.855134 0.556959 0.0174662 
0.504685 0.864288 0.602502 0.0175074 
0.507487 0.802996 0.526225 0.0176456 
0.516011 0.850516 0.568449 0.0178616 
0.511661 0.853855 0.591962 0.0179755 
0.515599 0.867584 0.54744 0.0182789 
0.516649 0.864097 0.56479 0.0184075 
0.519513 0.837585 0.561271 0.0185717 
0.505139 0.786525 0.525931 0.0185894 
0.507034 0.885444 0.516935 0.0187887 
0.50938 0.895776 0.531208 0.0195196 
0.508844 0.844103 0.619113 0.0198203 
0.507057 0.776927 0.532984 0.0198218 
0.0788556 0.985006 0.629496 0.000695509 
0.0872809 0.983995 0.622719 0.00104043 
0.0338467 0.978587 0.6432 0.00111487 
0.0258008 0.984193 0.635209 0.00119654 
0.0376582 0.992365 0.647807 0.0013498 
0.0259438 0.98821 0.63939 0.00139433 
0.0547983 0.942269 0.621248 0.00148818 
0.0914117 0.977804 0.633919 0.00155003 
0.0463758 0.985062 0.658916 0.0017841 
0.0853058 0.995621 0.644817 0.0018314 
0.0518226 0.962306 0.656894 0.00187111 
0.0593778 0.947357 0.645231 0.00187196 
0.0581416 0.940383 0.641282 0.00217759 
0.07172 0.977291 0.661652 0.0021855 
0.0125303 0.996561 0.635868 0.00242506 
0.00820557 0.98669 0.634578 0.0025555 
0.0804353 0.953616 0.653763 0.00263704 
0.0980006 0.99384 0.647041 0.00282247 
0.0654514 0.943805 0.655471 0.00286894 
0.0638961 0.930158 0.633979 0.00288144 
0.626575 0.761518 0.742493 0.00160768 
0.620352 0.750344 0.735095 0.00233351 
0.629032 0.794192 0.737919 0.00294471 
0.638442 0.758698 0.730912 0.00303523 
0.638675 0.770782 0.730992 0.00305579 
0.643377 0.796875 0.745377 0.00307915 
0.633733 0.781756 0.730361 0.00319766 
0.633481 0.753645 0.727441 0.00328581 
0.634727 0.751677 0.726176 0.00351137 
0.581918 0.770549 0.729516 0.00394215 
0.565247 0.758691 0.742393 0.00420008 
0.659608 0.794656 0.743314 0.0042165 
0.627436 0.802721 0.729583 0.00428914 
0.576541 0.797153 0.740514 0.00438577 
0.65277 0.780594 0.726514 0.00457137 
0.610773 0.761335 0.713609 0.00462579 
0.658892 0.750244 0.72765 0.00483833 
0.628139 0.773269 0.712161 0.00499536 
0.592697 0.813416 0.735888 0.00508816 
0.58803 0.818352 0.744683 0.00512588 
0.0058297 0.473649 0.0330523 0.000287299 
0.00811709 0.471177 0.00487799 0.000371356 
0.00268356 0.477735 0.0352461 0.000454981 
0.0295952 0.461032 0.0109837 0.000770934 
0.00137989 0.486288 0.0364241 0.000840223 
0.0307867 0.459518 0.0321235 0.000856429 
0.02438 0.467413 0.0443964 0.000998274 
0.00188392 0.429951 0.00547806 0.0012616 
0.0387007 0.460062 0.0145869 0.00126659 
0.0190536 0.487073 0.041027 0.00126951 
0.0276693 0.493425 0.0270392 0.00160789 
0.0401023 0.448299 0.00594642 0.00173302 
0.000689642 0.504494 0.0219212 0.00183442 
0.00417803 0.505937 0.0174194 0.00196364 
0.0297376 0.425536 0.0240543 0.00199707 
0.0284743 0.424182 0.0153169 0.00205826 
0.0300819 0.496386 0.00330043 0.00220817 
0.0392579 0.43659 0.0402843 0.00226162 
0.00891174 0.420691 0.0445386 0.00226296 
0.0439928 0.488285 0.0333921 0.0024715 
0.976624 0.504254 0.219113 0.0108101 
0.976022 0.500281 0.280126 0.0129468 
0.949751 0.506118 0.23138 0.0129687 
0.965965 0.512787 0.242909 0.0134054 
0.993098 0.504386 0.281684 0.0135315 
0.952667 0.510713 0.209371 0.013918 
0.967952 0.512149 0.259424 0.0139852 
0.985496 0.51477 0.269498 0.014653 
0.99263 0.518613 0.272448 0.015692 
0.928266 0.499755 0.181893 0.0160565 
0.933888 0.513609 0.22898 0.0162917 
0.974242 0.519172 0.178789 0.0163373 
0.931925 0.506699 0.263907 0.0164938 
0.99648 0.520127 0.17397 0.016543 
0.990053 0.529911 0.242807 0.0165853 
0.987746 0.521424 0.173223 0.0170044 
0.982469 0.518737 0.284556 0.0171784 
0.97778 0.508764 0.300789 0.0172818 
0.951215 0.525981 0.22885 0.0173264 
0.966196 0.518925 0.171357 0.0174563 
0.926339 0.45491 0.514417 0.000197762 
0.922785 0.442398 0.541587 0.000262927 
0.907592 0.457934 0.530512 0.000419329 
0.933299 0.466491 0.526533 0.000423678 
0.905158 0.441424 0.517963 0.000499083 
0.923279 0.448131 0.503182 0.000542224 
0.914152 0.433102 0.510332 0.000586777 
0.930396 0.458328 0.548403 0.000626885 
0.916903 0.458016 0.548649 0.000663903 
0.904098 0.435272 0.51551 0.000704733 
0.906646 0.47063 0.51692 0.000946735 
0.905009 0.428423 0.511728 0.000981899 
0.930329 0.418057 0.536513 0.00101175 
0.903724 0.424081 0.531713 0.00103349 
0.921659 0.44995 0.558377 0.00103704 
0.895651 0.434676 0.513702 0.00118474 
0.930742 0.415291 0.537272 0.00120407 
0.904964 0.42371 0.54201 0.00121553 
0.92188 0.483241 0.535382 0.00135127 
0.90922 0.48198 0.534268 0.00148015 
0.949891 0.639939 0.348317 0.000282369 
0.938648 0.63301 0.329057 0.000357052 
0.960584 0.632037 0.32942 0.000479101 
0.931901 0.642324 0.357725 0.000726108 
0.950792 0.630892 0.372718 0.000895534 
0.964687 0.649694 0.337717 0.00103257 
0.944794 0.652478 0.370411 0.00150652 
0.935746 0.658982 0.359534 0.00156726 
0.912905 0.646839 0.339812 0.00164199 
0.947727 0.644192 0.307617 0.00172262 
0.966311 0.647451 0.314734 0.00179913 
0.977061 0.64177 0.367778 0.00183098 
0.924116 0.655368 0.323658 0.00187449 
0.93063 0.65427 0.371863 0.00193134 
0.942766 0.633621 0.300458 0.00199122 
0.923476 0.65325 0.317531 0.00206131 
0.94255 0.635404 0.388283 0.002108 
0.975397 0.65929 0.337146 0.0021328 
0.988319 0.63508 0.359771 0.00214307 
0.927096 0.65477 0.37318 0.00215974 
0.812391 0.556387 0.187334 0.000242425 
0.833129 0.561352 0.155909 0.000512521 
0.81863 0.579165 0.18834 0.000536057 
0.841823 0.552554 0.187838 0.000637194 
0.842268 0.548435 0.161498 0.000765563 
0.837812 0.576167 0.191264 0.000779936 
0.832997 0.572131 0.200897 0.000934685 
0.821468 0.589651 0.184259 0.000944136 
0.835902 0.540184 0.196925 0.00108607 
0.845171 0.536435 0.172986 0.00114024 
0.845673 0.549165 0.203194 0.00149655 
0.853204 0.538705 0.169266 0.00151457 
0.843886 0.575311 0.203992 0.00156045 
0.8219 0.529586 0.200588 0.00158586 
0.816764 0.598787 0.194612 0.0018797 
0.838953 0.523438 0.158816 0.00193598 
0.811694 0.517473 0.165432 0.00202219 
0.853594 0.58582 0.155676 0.00207269 
0.854939 0.529485 0.177933 0.00208276 
0.847442 0.587438 0.148235 0.0021456 
0.0516364 0.812542 0.547824 0.000260765 
0.0516567 0.81073 0.573223 0.000327335 
0.0531939 0.799724 0.568062 0.00039675 
0.0524299 0.794849 0.56433 0.000534459 
0.0425503 0.821933 0.570566 0.000571524 
0.0496169 0.789874 0.558373 0.000802384 
0.0491002 0.815089 0.534285 0.00081441 
0.0526843 0.82652 0.584683 0.000866056 
0.0354938 0.812603 0.574699 0.000971283 
0.0323137 0.812722 0.549944 0.00101071 
0.0405492 0.829457 0.54114 0.0010274 
0.0429845 0.801552 0.535008 0.00116269 
0.0299148 0.809622 0.571452 0.0012394 
0.0515184 0.842535 0.578794 0.00125187 
0.0370664 0.796454 0.577096 0.00130722 
0.0450253 0.837134 0.535706 0.00135906 
0.0378702 0.825496 0.532508 0.00144465 
0.0439364 0.797277 0.587497 0.00144942 
0.0550002 0.844125 0.532288 0.0016404 
0.0448969 0.852794 0.561157 0.00173991 
0.450544 0.959695 0.46846 0.000121716 
0.450445 0.966099 0.457121 0.000154745 
0.448745 0.967628 0.479664 0.000196948 
0.471366 0.965639 0.459241 0.000320965 
0.465438 0.958101 0.45608 0.000349427 
0.45882 0.984787 0.455427 0.000402092 
0.444951 0.976283 0.450827 0.000459864 
0.453813 0.951401 0.455264 0.000479835 
0.453973 0.991301 0.474309 0.00053356 
0.450313 0.9734 0.49137 0.000606474 
0.454295 0.979736 0.445218 0.000622282 
0.463619 0.969702 0.443825 0.000631629 
0.471199 0.973568 0.487836 0.000650887 
0.460477 0.946637 0.482461 0.000746133 
0.44391 0.983246 0.447416 0.000757887 
0.44436 0.994516 0.468075 0.000775232 
0.444492 0.9936 0.455351 0.00088117 
0.469518 0.986798 0.447471 0.000902579 
0.470912 0.980295 0.442605 0.000977392 
0.44715 0.99063 0.489172 0.000994008 
0.033231 0.372713 0.89721 0.00107923 
0.0694985 0.373431 0.873804 0.00129726 
0.0265726 0.376471 0.902362 0.00132932 
0.0622582 0.365793 0.896215 0.00179367 
0.042584 0.363211 0.846693 0.00181203 
0.0550491 0.376616 0.838701 0.00183933 
0.0464273 0.353075 0.859779 0.00203347 
0.054617 0.375696 0.836205 0.00204801 
0.0129135 0.361929 0.859785 0.00211605 
0.0472355 0.369909 0.914531 0.0022781 
0.0390991 0.360094 0.84167 0.00232785 
0.0462293 0.360795 0.837978 0.0025612 
0.0423061 0.350873 0.849376 0.00261252 
0.0694706 0.365517 0.905941 0.00268509 
0.0723129 0.352711 0.873666 0.0028019 
0.0861264 0.372655 0.890963 0.00282632 
0.0145372 0.360036 0.906421 0.00294943 
0.0337053 0.34639 0.900389 0.00310785 
0.0293113 0.342397 0.860577 0.00312961 
0.00589994 0.353525 0.887978 0.00314772 
0.75609 0.100603 0.316119 0.00600646 
0.750561 0.114258 0.357225 0.00604021 
0.758716 0.114449 0.336871 0.00621709 
0.753764 0.114196 0.290833 0.00624498 
0.756495 0.145127 0.312248 0.00631127 
0.755554 0.113377 0.288864 0.0066456 
0.758115 0.13759 0.345933 0.0067143 
0.759584 0.0885234 0.325678 0.00715006 
0.766631 0.104154 0.333074 0.00764156 
0.752479 0.174225 0.326036 0.00790355 
0.761187 0.126545 0.283049 0.00790982 
0.764565 0.119414 0.355139 0.00798725 
0.761549 0.0922282 0.293384 0.00805058 
0.767023 0.150023 0.31914 0.0081739 
0.752944 0.117899 0.26508 0.00836839 
0.765825 0.120861 0.283929 0.00856959 
0.750822 0.0982665 0.381186 0.00879644 
0.761075 0.168334 0.302983 0.00895561 
0.773125 0.123708 0.297892 0.0089897 
0.763647 0.1344 0.273641 0.00928397 
0.749686 0.680364 0.877356 0.00834258 
0.877042 0.762835 0.887921 0.0169573 
0.891894 0.752725 0.902819 0.0173183 
0.902342 0.754549 0.839219 0.0175555 
0.874946 0.763266 0.813584 0.0180962 
0.911092 0.752019 0.844078 0.0181507 
0.880739 0.769886 0.848327 0.0183043 
0.876051 0.765754 0.814359 0.0187217 
0.907306 0.754626 0.888224 0.0187647 
0.875623 0.774127 0.849982 0.0188781 
0.906413 0.758285 0.876752 0.0189117 
0.914678 0.755364 0.868424 0.0193332 
0.902032 0.76119 0.892424 0.0197484 
0.900937 0.767436 0.832152 0.0206954 
0.880373 0.780906 0.863836 0.021068 
0.91663 0.753516 0.813472 0.0212358 
0.876839 0.776313 0.910032 0.0220847 
0.884421 0.753934 0.947003 0.0225625 
0.92281 0.758189 0.894825 0.0225823 
0.882636 0.781937 0.892105 0.0226505 
0.498817 0.681853 0.504764 0.00568856 
0.491307 0.712027 0.516132 0.00809389 
0.485557 0.665911 0.508983 0.00840427 
0.490193 0.734986 0.518858 0.00999844 
0.483507 0.719208 0.522646 0.0103147 
0.475054 0.663628 0.511256 0.0103739 
0.467592 0.685685 0.510923 0.010832 
0.486754 0.631644 0.506399 0.0109624 
0.481268 0.688072 0.538089 0.0121929 
0.480643 0.714562 0.535348 0.0123288 
0.471394 0.692417 0.532023 0.0128216 
0.488054 0.704225 0.547554 0.0129519 
0.465507 0.650047 0.511416 0.0130058 
0.455214 0.720782 0.501274 0.0130187 
0.492225 0.611838 0.510881 0.0134816 
0.492278 0.612269 0.513455 0.0136867 
0.470772 0.632277 0.510149 0.0137575 
0.493994 0.61357 0.518025 0.0137937 
0.451096 0.713691 0.505805 0.0139352 
0.461144 0.686529 0.529107 0.0142834 
0.31431 0.115607 0.480234 2.43443e-05 
0.312505 0.10694 0.484342 0.000130278 
0.326385 0.0974014 0.48805 0.000514016 
0.312369 0.09801 0.498129 0.000598039 
0.296236 0.109822 0.468463 0.000723676 
0.318539 0.091943 0.471597 0.000813555 
0.311822 0.087836 0.484409 0.000906286 
0.294439 0.0953061 0.481301 0.00099937 
0.288204 0.102708 0.479886 0.00105202 
0.286564 0.124406 0.497436 0.00113705 
0.329395 0.0917162 0.462814 0.00127815 
0.340584 0.111355 0.455758 0.00140773 
0.285511 0.0914353 0.489646 0.00168792 
0.297643 0.101758 0.450939 0.00171131 
0.338181 0.0820926 0.480878 0.00172558 
0.357687 0.112888 0.494433 0.00180501 
0.349648 0.0905822 0.483272 0.00180942 
0.327287 0.0753396 0.464014 0.00229348 
0.277089 0.088345 0.467971 0.00268383 
0.296734 0.0714746 0.496821 0.00268459 
0.504292 0.117315 0.526083 0.00357988 
0.506444 0.115658 0.536845 0.00369159 
0.506938 0.102028 0.523539 0.00411616 
0.508323 0.116819 0.523948 0.00412124 
0.50873 0.0996926 0.534063 0.00421126 
0.502149 0.140836 0.50706 0.00482388 
0.50313 0.130295 0.574813 0.00490342 
0.518314 0.132485 0.544197 0.00562963 
0.499859 0.0646548 0.523292 0.00564719 
0.507533 0.102305 0.580276 0.00576956 
0.519788 0.126211 0.525004 0.00578887 
0.515148 0.146976 0.538494 0.00586735 
0.507626 0.140272 0.577092 0.0060249 
0.523089 0.123142 0.542208 0.00607905 
0.521472 0.12367 0.555579 0.00613406 
0.516317 0.136449 0.565192 0.00620496 
0.517704 0.101456 0.508511 0.00622341 
0.501955 0.164626 0.509215 0.0064852 
0.520887 0.0884105 0.550215 0.00649278 
0.508449 0.0721146 0.571955 0.00690532 
0.500191 0.863973 0.931963 0.0207954 
0.503535 0.842519 0.847883 0.021256 
0.505052 0.840256 0.893073 0.0213271 
0.510312 0.867148 0.911047 0.0214693 
0.513322 0.870125 0.851451 0.0216405 
0.511669 0.858225 0.849859 0.0219817 
0.513175 0.851192 0.860422 0.0225133 
0.510811 0.858574 0.836251 0.0226349 
0.501607 0.82876 0.835311 0.0232593 
0.504386 0.862967 0.81007 0.0233866 
0.507451 0.824742 0.871961 0.0236699 
0.509989 0.831442 0.85805 0.0238079 
0.515741 0.838028 0.900542 0.024863 
0.519779 0.861389 0.836804 0.0249912 
0.519287 0.863604 0.923989 0.0253197 
0.504034 0.813089 0.844767 0.0255185 
0.512834 0.822277 0.867679 0.0255844 
0.517795 0.836323 0.899171 0.0255969 
0.502942 0.810891 0.911088 0.0257344 
0.503825 0.857024 0.795857 0.0257496 
0.020378 0.0635617 0.83618 0.000155201 
0.0127407 0.0731664 0.833021 0.000172692 
0.00503674 0.0556716 0.851825 0.00028768 
0.014225 0.0510692 0.843882 0.000314247 
0.0117948 0.0635772 0.865561 0.000438629 
0.0177204 0.0480424 0.849152 0.000458376 
0.0193327 0.0744913 0.825509 0.000458512 
0.0124192 0.0676848 0.867194 0.000479874 
0.0289687 0.0592598 0.864174 0.000676622 
0.00913603 0.0965503 0.83943 0.000830113 
0.029426 0.0761412 0.870272 0.000922832 
0.0294014 0.0940053 0.855664 0.000991384 
0.0129804 0.0875785 0.87144 0.00103653 
0.0158161 0.0393856 0.832089 0.00104126 
0.044788 0.0772093 0.835004 0.00114455 
0.0462689 0.077992 0.855953 0.001258 
0.00556315 0.0327146 0.844393 0.00136432 
0.0287526 0.0930858 0.820732 0.00142557 
0.0276577 0.102789 0.831455 0.00154767 
0.00793006 0.107655 0.850798 0.00157845 
0.515403 0.49958 0.724402 0.0322685 
0.516132 0.494797 0.709157 0.0331798 
0.506367 0.493529 0.703898 0.033404 
0.550326 0.49819 0.671642 0.0336839 
0.553579 0.498415 0.665835 0.0341404 
0.555373 0.497805 0.710038 0.0343192 
0.529154 0.495713 0.742518 0.0356066 
0.536206 0.486097 0.697188 0.0368284 
0.572191 0.494561 0.694316 0.0369887 
0.542856 0.48448 0.682895 0.0378711 
0.521738 0.486552 0.73438 0.0379454 
0.54687 0.48651 0.663162 0.038075 
0.562398 0.489557 0.665346 0.0382685 
0.5086 0.479847 0.70404 0.0385804 
0.507579 0.478066 0.712448 0.0395834 
0.508817 0.49779 0.600495 0.0397382 
0.508886 0.495424 0.604434 0.0398949 
0.568144 0.492345 0.741454 0.0398975 
0.506213 0.47769 0.721024 0.040189 
0.506138 0.492181 0.607742 0.0405204 
0.0192685 0.265476 0.400574 0.00376565 
0.04326 0.27041 0.396085 0.00398544 
0.0605063 0.266334 0.372801 0.00414711 
0.00225833 0.261569 0.399132 0.00418708 
0.0426108 0.273418 0.393877 0.00432719 
0.0563402 0.272634 0.393037 0.00456021 
0.0529267 0.274788 0.386302 0.00469038 
0.0872703 0.252597 0.366726 0.00493174 
0.0483286 0.25518 0.438741 0.00497684 
0.0165148 0.276347 0.384788 0.00506572 
0.0633391 0.273614 0.3994 0.00512112 
0.0378472 0.27781 0.37012 0.00514246 
0.0525043 0.265793 0.428917 0.00528619 
0.00884048 0.252874 0.437811 0.0053287 
0.00696463 0.267578 0.356657 0.00536439 
0.0439606 0.280322 0.364811 0.00575844 
0.0134684 0.265144 0.342055 0.00584386 
0.0903617 0.260104 0.404874 0.0058565 
0.0509894 0.25968 0.442284 0.00586434 
0.018727 0.279828 0.363 0.0060535 
0.500969 0.490877 0.817555 0.0322982 
0.502408 0.496952 0.835798 0.0333082 
0.504207 0.497947 0.840996 0.0342555 
0.501853 0.457363 0.77069 0.0364094 
0.513056 0.469852 0.789133 0.0383168 
0.517753 0.482356 0.809614 0.0388981 
0.508336 0.465416 0.855146 0.0389921 
0.51966 0.483179 0.831229 0.040189 
0.503989 0.463655 0.73463 0.04041 
0.503118 0.438842 0.755012 0.0406493 
0.505719 0.445298 0.858472 0.0406898 
0.522479 0.483448 0.79228 0.0408936 
0.511084 0.44699 0.771798 0.0409847 
0.522444 0.480898 0.820278 0.0410159 
0.517754 0.497448 0.863278 0.0413911 
0.525079 0.49063 0.815127 0.0414264 
0.515665 0.458047 0.84236 0.0414452 
0.511183 0.475015 0.877411 0.0418845 
0.513047 0.440155 0.784307 0.041963 
0.508219 0.439913 0.85451 0.0419752 
0.743268 0.993213 0.809368 0.00290363 
0.741588 0.98457 0.81749 0.00298097 
0.749634 0.99867 0.86244 0.00324047 
0.73465 0.9997 0.822922 0.00356486 
0.74829 0.983408 0.864935 0.0036985 
0.734623 0.992457 0.814455 0.00370881 
0.740622 0.9969 0.857411 0.00378596 
0.743624 0.989624 0.861721 0.00379546 
0.743906 0.965008 0.847388 0.00390074 
0.740656 0.958355 0.82958 0.00428611 
0.735559 0.966175 0.821654 0.00435024 
0.72696 0.990901 0.846224 0.00490488 
0.740424 0.955886 0.806743 0.00490713 
0.745091 0.983113 0.776586 0.00511218 
0.739294 0.993171 0.876157 0.00542903 
0.735644 0.988174 0.873572 0.00564904 
0.725671 0.962911 0.823042 0.00579881 
0.73396 0.975333 0.871687 0.00604457 
0.733069 0.949962 0.858929 0.00687102 
0.719386 0.959074 0.827612 0.00695237 
0.500859 0.244218 0.799767 0.0553549 
0.501276 0.218073 0.787953 0.0558317 
0.504786 0.22934 0.789144 0.057203 
0.505024 0.242584 0.778968 0.0575304 
0.501663 0.215294 0.753566 0.0577721 
0.50489 0.237985 0.749221 0.0592521 
0.50249 0.237897 0.729413 0.060306 
0.508394 0.198854 0.770295 0.0608496 
0.501807 0.162773 0.812668 0.0614096 
0.511489 0.201258 0.804852 0.0616911 
0.50562 0.204059 0.850941 0.0617094 
0.511739 0.199378 0.790736 0.061863 
0.508908 0.247278 0.743229 0.0618925 
0.513541 0.224973 0.815668 0.0619485 
0.514463 0.247613 0.776385 0.0623149 
0.50334 0.178155 0.742938 0.06248 
0.504292 0.188484 0.736954 0.0624987 
0.503419 0.159888 0.77996 0.0625025 
0.512889 0.189259 0.77394 0.063693 
0.51862 0.24981 0.789867 0.0641413 
0.230812 0.505556 0.204809 0.0605168 
0.237428 0.506744 0.175522 0.0606671 
0.224093 0.50384 0.130178 0.0618406 
0.226343 0.51062 0.166575 0.0627331 
0.227449 0.505855 0.236397 0.06312 
0.18987 0.507494 0.149265 0.0635803 
0.231721 0.515647 0.173795 0.0650974 
0.202803 0.508903 0.243555 0.0661753 
0.180911 0.512479 0.16134 0.0662207 
0.220937 0.512626 0.237919 0.0667271 
0.188003 0.503943 0.105414 0.0667658 
0.200688 0.516592 0.154479 0.0670986 
0.149194 0.505678 0.155626 0.0672079 
0.196689 0.517723 0.169333 0.0673367 
0.153025 0.506773 0.213385 0.0674596 
0.186712 0.514737 0.147409 0.0675943 
0.205808 0.512459 0.120313 0.0677613 
0.236271 0.509893 0.104296 0.0681738 
0.169326 0.511818 0.219729 0.068176 
0.199943 0.515907 0.228899 0.0682681 
0.892885 0.719873 0.24428 0.000295735 
0.904176 0.731524 0.243022 0.0005429 
0.909896 0.692614 0.229277 0.000560382 
0.927868 0.701738 0.240498 0.000574056 
0.932478 0.704515 0.235146 0.000861287 
0.912254 0.690889 0.222989 0.000897488 
0.883145 0.732464 0.244123 0.00108441 
0.901589 0.683352 0.224482 0.00112472 
0.936974 0.71881 0.237889 0.00115969 
0.885428 0.704281 0.218581 0.0011941 
0.877587 0.688939 0.23874 0.001226 
0.898244 0.674335 0.244148 0.00122642 
0.894163 0.741555 0.240544 0.0012571 
0.918506 0.699219 0.214263 0.00127837 
0.916109 0.710818 0.212091 0.00128544 
0.877602 0.722547 0.228507 0.00129922 
0.872536 0.716623 0.222397 0.00173224 
0.874408 0.732246 0.229559 0.00181862 
0.884373 0.695664 0.211436 0.0018319 
0.90644 0.695779 0.20307 0.0020313 
0.299837 0.0265867 0.388541 0.000256046 
0.29747 0.0322875 0.403067 0.000336783 
0.304268 0.0121819 0.389315 0.000358158 
0.319504 0.00972489 0.388629 0.000390634 
0.299675 0.0129206 0.398724 0.000398879 
0.328702 0.0416729 0.399556 0.000451052 
0.334356 0.0327823 0.389318 0.000510725 
0.329042 0.00811599 0.39157 0.000612161 
0.309007 0.0365715 0.372091 0.000709588 
0.305699 0.0288841 0.370261 0.000755211 
0.336648 0.0108516 0.396508 0.000783484 
0.33656 0.0182318 0.412417 0.000850987 
0.33321 0.00811095 0.381646 0.000953038 
0.281606 0.0301495 0.392053 0.00106205 
0.305225 0.00642414 0.424593 0.00128373 
0.323361 0.0365591 0.362012 0.00137267 
0.286387 0.0322227 0.422006 0.00142809 
0.325691 0.0578115 0.417222 0.00152762 
0.297224 0.00710545 0.364646 0.00167807 
0.33388 0.0608448 0.408955 0.00171227 
0.242897 0.825761 0.0148332 0.0109125 
0.244813 0.813849 0.0290972 0.011068 
0.2437 0.786213 0.0305746 0.0123151 
0.246263 0.769317 0.0175611 0.0125044 
0.246301 0.821055 0.0543411 0.0128635 
0.236078 0.848715 0.0103362 0.0131877 
0.235232 0.800949 0.0370115 0.0138612 
0.22861 0.827488 0.00671354 0.0139268 
0.229652 0.838882 0.018969 0.0143592 
0.229701 0.853399 0.00134126 0.0148517 
0.223073 0.803915 0.00517443 0.0152978 
0.230594 0.846848 0.038029 0.0156259 
0.24704 0.742967 0.0215177 0.0157045 
0.222835 0.850803 0.0011995 0.0163127 
0.232306 0.781258 0.0509782 0.0167527 
0.244687 0.756097 0.0564217 0.0170996 
0.218086 0.828151 0.0271976 0.0172012 
0.241465 0.874314 0.0570755 0.0174303 
0.224642 0.836103 0.0504399 0.0175956 
0.22909 0.759791 0.028472 0.0177156 
0.73736 0.834729 0.199687 0.00100897 
0.732804 0.837723 0.203245 0.00136707 
0.727513 0.827451 0.203761 0.00162066 
0.72834 0.824968 0.190057 0.0016879 
0.745073 0.818456 0.235931 0.00172008 
0.728261 0.831701 0.218014 0.00185223 
0.733967 0.816291 0.227281 0.00186671 
0.743306 0.850363 0.234354 0.00226547 
0.746864 0.787389 0.182098 0.002279 
0.733586 0.84747 0.172113 0.00253061 
0.741679 0.785142 0.185298 0.00258173 
0.733843 0.789462 0.217049 0.00267516 
0.731821 0.836754 0.165477 0.00273769 
0.730343 0.854054 0.177944 0.00278141 
0.737934 0.788821 0.174957 0.00295694 
0.735852 0.795154 0.169867 0.00296039 
0.74515 0.81238 0.152996 0.0030705 
0.729239 0.843646 0.165952 0.00309756 
0.732772 0.787332 0.180215 0.00314663 
0.742695 0.823717 0.150651 0.00325253 
0.831122 0.606393 0.897802 5.00943e-05 
0.836259 0.616583 0.906142 0.000123584 
0.825713 0.619575 0.915025 0.00025427 
0.819474 0.601414 0.918474 0.000339809 
0.823499 0.58985 0.901641 0.00037739 
0.808128 0.620642 0.90177 0.000601331 
0.839275 0.587593 0.914249 0.000627734 
0.841282 0.588216 0.889194 0.000778158 
0.853734 0.594566 0.907999 0.000805875 
0.851119 0.589784 0.899839 0.000844525 
0.802198 0.616484 0.914739 0.000901468 
0.834204 0.580301 0.914499 0.000909954 
0.79706 0.611361 0.905572 0.00103975 
0.838455 0.580225 0.919393 0.00109881 
0.816665 0.578454 0.892674 0.00117893 
0.797412 0.613676 0.885915 0.00137491 
0.839304 0.572511 0.898925 0.00140979 
0.819961 0.568733 0.894082 0.00175048 
0.838081 0.566719 0.899254 0.00183046 
0.846656 0.573183 0.923075 0.00188769 
0.767704 0.26101 0.0111909 0.000104378 
0.768396 0.265022 0.0226466 0.000105434 
0.76959 0.270095 0.0246014 0.000151533 
0.750491 0.259451 0.00184241 0.000381175 
0.776208 0.275081 0.0036979 0.000408122 
0.780447 0.274705 0.0208537 0.000432438 
0.780086 0.278039 0.0263817 0.000564588 
0.778679 0.249306 0.0217537 0.000677214 
0.754102 0.292304 0.00701658 0.000724974 
0.758518 0.257583 0.0423813 0.000834181 
0.782918 0.290894 0.0192687 0.00100095 
0.781333 0.297073 0.018669 0.00125416 
0.763471 0.234418 0.0289674 0.0013029 
0.778013 0.280562 0.0458991 0.00135278 
0.753268 0.232678 0.0231066 0.00136412 
0.765784 0.304599 0.021062 0.00139686 
0.773058 0.276897 0.0511369 0.00147965 
0.763324 0.306531 0.00074466 0.00171698 
0.764284 0.3001 0.041798 0.00173413 
0.79671 0.246318 0.0230177 0.00175787 
0.0658489 0.449246 0.958519 0.00121075 
0.0651784 0.459125 0.921252 0.00121845 
0.0677749 0.449784 0.926996 0.00136456 
0.0803621 0.457395 0.938126 0.00177366 
0.0634159 0.467593 0.908007 0.0018445 
0.06422 0.445356 0.974101 0.00198166 
0.0735749 0.450291 0.967908 0.00200149 
0.0681252 0.465697 0.908474 0.0020576 
0.0730609 0.464955 0.975036 0.00208666 
0.0768793 0.485053 0.919274 0.00230897 
0.0774643 0.44872 0.968037 0.00234084 
0.0623222 0.440196 0.910055 0.00236804 
0.0677171 0.450033 0.980208 0.00239157 
0.0767 0.447239 0.970013 0.00243956 
0.0741134 0.488018 0.976159 0.00266805 
0.0661156 0.458416 0.899268 0.00275511 
0.0721104 0.450416 0.904563 0.00286407 
0.0944149 0.454593 0.949527 0.00317371 
0.0905495 0.49206 0.939757 0.00322649 
0.0674325 0.469711 0.892817 0.00337726 
0.504683 0.512871 0.319803 0.0321417 
0.513322 0.507536 0.289079 0.0325097 
0.512539 0.505439 0.255488 0.0341666 
0.501875 0.527284 0.286734 0.0365391 
0.50019 0.515534 0.240627 0.0365919 
0.526504 0.514408 0.315642 0.0371484 
0.525319 0.514066 0.279187 0.0375714 
0.512789 0.525041 0.324853 0.0377263 
0.522631 0.515629 0.268527 0.0381751 
0.505237 0.529393 0.336295 0.0381804 
0.541134 0.506054 0.325284 0.0385177 
0.533356 0.506146 0.358402 0.0387758 
0.543054 0.501886 0.271638 0.0389042 
0.50599 0.520009 0.240975 0.0390283 
0.51607 0.507094 0.390327 0.0392904 
0.514225 0.526558 0.341126 0.0393232 
0.527579 0.519117 0.334454 0.0394913 
0.552249 0.501067 0.305646 0.0398632 
0.505621 0.530228 0.355803 0.0400035 
0.533883 0.518285 0.302778 0.0401079 
0.500535 0.831343 0.581925 0.0219839 
0.502595 0.800862 0.562083 0.0229654 
0.500185 0.861221 0.571622 0.0236051 
0.505571 0.80028 0.556809 0.0240855 
0.504685 0.864288 0.602502 0.0257601 
0.505631 0.814082 0.629009 0.0258994 
0.506124 0.78648 0.616895 0.0259487 
0.506658 0.866384 0.569828 0.0260543 
0.509879 0.824029 0.616323 0.0261135 
0.502983 0.870654 0.547121 0.0262747 
0.508844 0.844103 0.619113 0.0266544 
0.510781 0.8165 0.620132 0.0266664 
0.511661 0.853855 0.591962 0.0266721 
0.507487 0.802996 0.526225 0.0268418 
0.505139 0.786525 0.525931 0.0269175 
0.503409 0.821281 0.645023 0.0270986 
0.509601 0.776148 0.608128 0.0271859 
0.507057 0.776927 0.532984 0.0275107 
0.505917 0.828071 0.642622 0.0276364 
0.516011 0.850516 0.568449 0.0277593 
0.927272 0.112747 0.87956 0.00570623 
0.939389 0.114786 0.875561 0.00571239 
0.939983 0.117544 0.868588 0.00592956 
0.919603 0.11798 0.868698 0.00601249 
0.921981 0.103177 0.907281 0.00612629 
0.954611 0.10838 0.935476 0.00616735 
0.892583 0.113079 0.914771 0.00620774 
0.921226 0.111974 0.949662 0.00621296 
0.895998 0.112544 0.897643 0.00622968 
0.946571 0.114 0.870897 0.00632035 
0.954714 0.103723 0.906284 0.00637728 
0.934883 0.103523 0.935707 0.00645384 
0.919863 0.102976 0.886916 0.00683907 
0.889058 0.109811 0.905176 0.00700802 
0.981334 0.11207 0.902716 0.00706687 
0.961302 0.100795 0.924157 0.00725517 
0.892069 0.109667 0.937388 0.00733373 
0.898584 0.102968 0.897222 0.0074476 
0.923368 0.11889 0.972544 0.00748887 
0.93573 0.109415 0.861238 0.00768031 
0.275669 0.759106 0.501164 0.0224975 
0.283366 0.746542 0.499768 0.0233268 
0.259936 0.74177 0.506782 0.0240612 
0.262258 0.843203 0.503705 0.0266485 
0.270022 0.84704 0.50121 0.0269059 
0.279948 0.790974 0.515531 0.027142 
0.306999 0.776505 0.509681 0.028141 
0.267549 0.825875 0.514484 0.0281816 
0.261915 0.7407 0.519578 0.0282217 
0.299729 0.775103 0.514329 0.0286175 
0.321532 0.779548 0.504125 0.0287326 
0.319225 0.791809 0.505357 0.0289546 
0.28806 0.74559 0.519222 0.0297662 
0.2571 0.762726 0.529837 0.0303836 
0.255831 0.816277 0.526508 0.0306645 
0.26012 0.735686 0.526486 0.0308048 
0.281372 0.714369 0.51652 0.0311218 
0.251801 0.833166 0.524161 0.0313937 
0.258954 0.711705 0.521207 0.0314911 
0.298844 0.757308 0.523225 0.0317238 
0.623456 0.938034 0.161772 0.000167503 
0.619718 0.960097 0.164874 0.000450821 
0.621703 0.927375 0.162492 0.000470818 
0.609191 0.949385 0.1652 0.000663073 
0.617991 0.950688 0.142139 0.000697291 
0.614664 0.963751 0.164433 0.000745913 
0.607179 0.954597 0.165528 0.000843629 
0.61815 0.951118 0.134945 0.00103546 
0.611024 0.948625 0.188795 0.00127326 
0.598137 0.952673 0.174901 0.00153677 
0.614207 0.929495 0.193058 0.00160777 
0.624426 0.911726 0.184075 0.00169016 
0.615666 0.977158 0.181506 0.00176303 
0.602242 0.972566 0.161407 0.00179298 
0.594425 0.965964 0.162335 0.00203542 
0.588235 0.943386 0.173125 0.00225336 
0.605784 0.971262 0.134733 0.00225374 
0.614721 0.903134 0.173936 0.00227903 
0.599294 0.953312 0.125983 0.00260049 
0.600156 0.977019 0.135415 0.00290607 
0.948959 0.127533 0.319919 0.000192116 
0.946299 0.133105 0.33349 0.000259408 
0.943869 0.138115 0.305505 0.000465817 
0.948233 0.144388 0.332984 0.000532755 
0.949624 0.125305 0.347501 0.000825884 
0.940652 0.15072 0.340617 0.000855966 
0.931184 0.154694 0.335043 0.000872211 
0.908487 0.142042 0.312236 0.00102526 
0.91984 0.157351 0.326962 0.00111015 
0.902 0.127421 0.321978 0.00111644 
0.968406 0.136813 0.331723 0.00124531 
0.933767 0.149366 0.291677 0.00141324 
0.903501 0.147677 0.331946 0.00148226 
0.918728 0.131433 0.287754 0.00150951 
0.950807 0.133955 0.358831 0.00157614 
0.930607 0.159566 0.346683 0.00158222 
0.897481 0.139814 0.331343 0.00164722 
0.936822 0.161987 0.300034 0.00165757 
0.909993 0.136044 0.353961 0.00168418 
0.939155 0.148331 0.286483 0.00173123 
0.687335 0.375355 0.932718 0.000102814 
0.705944 0.378594 0.929138 0.000167957 
0.709791 0.389768 0.941642 0.000371169 
0.700826 0.377738 0.913074 0.000617417 
0.684617 0.371603 0.915031 0.00066387 
0.710536 0.368702 0.916335 0.000718011 
0.681929 0.397905 0.952709 0.000881358 
0.70594 0.40498 0.936425 0.000891103 
0.695028 0.38601 0.966021 0.00090177 
0.666452 0.370272 0.943692 0.000964938 
0.697917 0.383791 0.969888 0.00110327 
0.686658 0.409481 0.941302 0.00117419 
0.697059 0.41314 0.940284 0.00133011 
0.693653 0.379734 0.900506 0.00138108 
0.669344 0.383258 0.962642 0.00139584 
0.7033 0.380544 0.89942 0.00151225 
0.716459 0.37365 0.904136 0.001532 
0.690836 0.384423 0.899235 0.00154841 
0.692848 0.415536 0.948061 0.00162471 
0.714991 0.391021 0.904043 0.00167348 
0.504067 0.756041 0.204117 0.0135872 
0.501533 0.766229 0.160751 0.0156495 
0.510668 0.769077 0.212075 0.0163429 
0.501454 0.772787 0.247695 0.0166309 
0.515377 0.74737 0.234513 0.0166463 
0.508475 0.748741 0.259689 0.0173527 
0.514968 0.754673 0.239863 0.0174051 
0.518309 0.768288 0.202161 0.0180103 
0.512661 0.767754 0.158101 0.018545 
0.501943 0.800671 0.198033 0.0185476 
0.501651 0.791327 0.160528 0.0187559 
0.504968 0.789226 0.160475 0.0191809 
0.523529 0.754565 0.162355 0.0197397 
0.518775 0.763966 0.15707 0.0197618 
0.513234 0.7918 0.218656 0.0199671 
0.518492 0.782151 0.181607 0.0200802 
0.518815 0.786812 0.196532 0.0203851 
0.507825 0.77396 0.268514 0.0204916 
0.529824 0.753686 0.232155 0.0206304 
0.533603 0.749267 0.215236 0.0206524 
0.135943 0.677728 0.505197 0.000766906 
0.13535 0.65884 0.499996 0.00147829 
0.139424 0.682796 0.524256 0.0019113 
0.140567 0.732609 0.501453 0.00206527 
0.138932 0.682438 0.52636 0.00208666 
0.132095 0.651254 0.502516 0.00211157 
0.149294 0.719409 0.517305 0.00230153 
0.161191 0.696318 0.519533 0.00238429 
0.155198 0.656388 0.503354 0.00242105 
0.129365 0.655481 0.517284 0.00256494 
0.155932 0.672555 0.523007 0.00273384 
0.161985 0.736858 0.499709 0.00331389 
0.178219 0.705083 0.510255 0.00331708 
0.160472 0.699199 0.531509 0.0033867 
0.17837 0.672996 0.509663 0.0035367 
0.151668 0.642062 0.506117 0.00361552 
0.135747 0.657317 0.533504 0.00385284 
0.171226 0.666733 0.521612 0.00394972 
0.165507 0.742796 0.499847 0.00412237 
0.149855 0.658972 0.533858 0.00416292 
0.0975686 0.502618 0.576638 0.0426067 
0.101171 0.506222 0.55102 0.0432045 
0.0703319 0.504534 0.565231 0.0435542 
0.131904 0.504219 0.560121 0.0437311 
0.112181 0.506355 0.572206 0.0441191 
0.0965726 0.508252 0.528443 0.0443308 
0.128918 0.507605 0.558913 0.044906 
0.0831612 0.504526 0.594719 0.0450146 
0.123544 0.50227 0.599252 0.0450422 
0.101313 0.5034 0.603341 0.0452799 
0.0382726 0.502453 0.579393 0.0461942 
0.15499 0.505423 0.557676 0.0462986 
0.114458 0.507114 0.596693 0.0463802 
0.0814157 0.503582 0.609983 0.0463921 
0.125924 0.508023 0.588086 0.0464918 
0.104983 0.51578 0.550732 0.047309 
0.0874471 0.516045 0.562847 0.0477169 
0.114646 0.510015 0.599301 0.047876 
0.130043 0.514792 0.554171 0.0479387 
0.108656 0.511315 0.600447 0.0483782 
0.845421 0.0913253 0.256928 0.00130123 
0.861005 0.0717554 0.279139 0.00182378 
0.85425 0.104939 0.276205 0.00192012 
0.841249 0.102661 0.262638 0.00197535 
0.8368 0.0764835 0.259987 0.00217224 
0.868188 0.128902 0.268561 0.00236483 
0.829912 0.0795091 0.257573 0.00266806 
0.829948 0.0901263 0.262002 0.00272984 
0.870298 0.130229 0.278118 0.00299185 
0.856398 0.0628515 0.290822 0.00333925 
0.828481 0.092723 0.272563 0.00338157 
0.864241 0.130172 0.284037 0.00356681 
0.852438 0.0430729 0.274034 0.00364461 
0.860634 0.0718983 0.29991 0.00371905 
0.827064 0.0816766 0.277118 0.00383055 
0.867747 0.106394 0.302657 0.00388218 
0.833608 0.0538103 0.274583 0.00417726 
0.817865 0.0936807 0.269294 0.00440113 
0.871342 0.0890328 0.310504 0.0044669 
0.843004 0.144496 0.254006 0.00455408 
0.248692 0.252816 0.268268 0.0026729 
0.221204 0.2543 0.244561 0.002797 
0.225203 0.257828 0.257125 0.00299371 
0.219666 0.256981 0.270851 0.00337937 
0.207756 0.257313 0.2188 0.00481807 
0.213126 0.269052 0.267038 0.0049419 
0.212844 0.262805 0.287241 0.00517324 
0.234423 0.254228 0.198664 0.0053953 
0.234374 0.277895 0.24201 0.00548206 
0.230174 0.273377 0.225513 0.00551565 
0.185518 0.260502 0.261241 0.00590073 
0.241385 0.282306 0.236559 0.00629772 
0.2313 0.265437 0.201375 0.00637442 
0.183999 0.2626 0.237902 0.00645211 
0.194872 0.262573 0.21195 0.00684869 
0.183729 0.267731 0.255112 0.00688375 
0.194463 0.26993 0.224843 0.00690124 
0.195627 0.272753 0.224573 0.00719334 
0.21243 0.284692 0.267499 0.00724664 
0.192511 0.258831 0.20372 0.00737795 
0.130059 0.596178 0.246913 0.00661712 
0.139323 0.621274 0.234809 0.00883293 
0.158278 0.606204 0.238543 0.00932017 
0.14827 0.581528 0.239041 0.00940237 
0.139912 0.63182 0.232997 0.00949908 
0.14641 0.653351 0.241292 0.00968835 
0.153332 0.619321 0.233543 0.00985298 
0.16459 0.613527 0.231342 0.011156 
0.155906 0.563892 0.239537 0.0112376 
0.133702 0.543058 0.244736 0.011574 
0.143349 0.591701 0.223281 0.0115808 
0.158922 0.6706 0.244371 0.0117947 
0.146912 0.679498 0.245002 0.0119529 
0.166401 0.565197 0.238629 0.0121971 
0.174349 0.588515 0.233723 0.0122845 
0.147424 0.546019 0.240377 0.0125447 
0.175023 0.569384 0.239234 0.0126436 
0.167506 0.662665 0.238337 0.0127374 
0.134177 0.567499 0.222613 0.012887 
0.135679 0.627409 0.213215 0.0132242 
0.250132 0.509144 0.151776 0.0114498 
0.252784 0.515476 0.107538 0.0134419 
0.251634 0.528611 0.121617 0.0138493 
0.255686 0.525715 0.157863 0.0143218 
0.26305 0.511962 0.125247 0.0144883 
0.247844 0.545304 0.140509 0.0149848 
0.255057 0.535727 0.153247 0.0152588 
0.268706 0.513532 0.131095 0.0157798 
0.256486 0.538513 0.134108 0.0157948 
0.268593 0.506762 0.11169 0.015941 
0.254428 0.540718 0.120013 0.0160401 
0.257143 0.533467 0.168733 0.0160517 
0.259855 0.536574 0.157867 0.0165331 
0.256503 0.523783 0.0866233 0.016833 
0.27737 0.51183 0.127492 0.0178262 
0.266329 0.540287 0.126068 0.0183729 
0.258718 0.512089 0.06828 0.01849 
0.266948 0.536001 0.111556 0.0185533 
0.248285 0.563008 0.113377 0.0187567 
0.275385 0.507959 0.0951907 0.0188829 
0.601662 0.864536 0.943855 0.000170238 
0.608218 0.862113 0.951472 0.000393897 
0.622595 0.867203 0.94669 0.000466205 
0.621075 0.862552 0.920575 0.000652905 
0.601797 0.852472 0.948793 0.00065749 
0.620326 0.85258 0.940149 0.000733468 
0.580419 0.862913 0.936267 0.000749457 
0.624912 0.854145 0.938092 0.000816036 
0.614473 0.855713 0.91538 0.000890488 
0.584914 0.857972 0.955463 0.00105044 
0.577336 0.861247 0.950311 0.00114597 
0.599756 0.8417 0.925267 0.00124181 
0.597272 0.843872 0.967815 0.00199635 
0.576591 0.858296 0.905587 0.00203468 
0.624327 0.845164 0.96584 0.00210505 
0.60992 0.829436 0.942937 0.00211304 
0.574222 0.841452 0.947841 0.00219039 
0.599287 0.831853 0.917172 0.00223999 
0.617393 0.831857 0.916747 0.00237244 
0.620517 0.832143 0.915678 0.00247755 
0.521218 0.0516664 0.558348 0.000289914 
0.538555 0.0570833 0.570307 0.000309129 
0.529865 0.0482289 0.573822 0.000526505 
0.512227 0.0557836 0.575832 0.000577262 
0.513426 0.0499052 0.579432 0.000829725 
0.545889 0.0516763 0.588106 0.00130545 
0.513167 0.0347563 0.546515 0.00147589 
0.502906 0.0402788 0.578778 0.0016388 
0.524914 0.0295528 0.576589 0.00166383 
0.507034 0.032117 0.55308 0.00171747 
0.521678 0.0391254 0.592962 0.00183239 
0.520757 0.0423444 0.596693 0.00192406 
0.52282 0.0375011 0.594105 0.00198837 
0.537911 0.0413767 0.52588 0.00202672 
0.555235 0.0423309 0.535397 0.00205853 
0.547909 0.0482503 0.523864 0.00217374 
0.559854 0.0321612 0.558925 0.00228555 
0.554507 0.0527791 0.598467 0.00232887 
0.549133 0.047615 0.599659 0.00233341 
0.512606 0.0391117 0.597863 0.00235562 
0.256266 0.755661 0.268294 0.00876224 
0.256529 0.757871 0.224766 0.00901175 
0.264403 0.765536 0.245103 0.0105096 
0.264158 0.762371 0.274051 0.0107479 
0.270424 0.764164 0.265467 0.0111209 
0.28993 0.757321 0.225518 0.0117505 
0.288756 0.760071 0.252549 0.0117957 
0.258824 0.769626 0.278894 0.0121322 
0.289336 0.764372 0.243068 0.0126096 
0.270424 0.774881 0.242383 0.0128563 
0.260152 0.777477 0.231071 0.0128774 
0.26883 0.774591 0.225681 0.0130285 
0.267896 0.772132 0.287421 0.0138974 
0.267097 0.763844 0.184627 0.0139938 
0.274579 0.772957 0.209729 0.0140248 
0.260748 0.779325 0.288099 0.0150073 
0.290983 0.776336 0.252232 0.0152881 
0.271533 0.785896 0.246397 0.0154007 
0.262336 0.788136 0.230605 0.0154548 
0.251342 0.782086 0.292666 0.0155578 
0.615667 0.229701 0.61352 0.00255215 
0.62096 0.229748 0.644405 0.00312123 
0.618016 0.245856 0.60949 0.00315304 
0.622621 0.238865 0.621189 0.0031686 
0.616284 0.211816 0.651323 0.00326281 
0.625156 0.212488 0.626955 0.00366381 
0.620343 0.208567 0.653895 0.00393269 
0.623685 0.240438 0.657319 0.00409485 
0.631707 0.222556 0.636876 0.0042683 
0.616105 0.225115 0.671864 0.00428342 
0.633941 0.237411 0.617362 0.00459487 
0.633768 0.22564 0.607365 0.00487217 
0.625249 0.249187 0.591738 0.00503906 
0.637587 0.24225 0.625382 0.00506871 
0.617036 0.184521 0.606387 0.00507261 
0.625882 0.19307 0.61201 0.00509733 
0.63257 0.200315 0.626522 0.00516549 
0.625582 0.200423 0.596409 0.00532137 
0.623803 0.215456 0.584627 0.0053306 
0.625236 0.233866 0.673943 0.00542116 
0.947372 0.445074 0.616609 0.00261591 
0.975714 0.451406 0.617887 0.00323116 
0.930496 0.442319 0.624713 0.00400389 
0.921964 0.37785 0.574386 0.00432876 
0.957356 0.443123 0.635304 0.00468223 
0.970952 0.423558 0.638949 0.00541674 
0.945873 0.467748 0.632156 0.00544539 
0.945039 0.449212 0.641277 0.00580322 
0.988059 0.431276 0.638536 0.00605962 
0.953643 0.440827 0.645264 0.00609796 
0.954029 0.461238 0.640598 0.00610351 
0.929839 0.433759 0.641347 0.00614073 
0.894568 0.435179 0.617566 0.00630214 
0.950592 0.436207 0.647089 0.0063646 
0.984291 0.414129 0.640119 0.00643543 
0.897335 0.418117 0.621008 0.0065628 
0.96223 0.41374 0.646319 0.00663609 
0.980555 0.408095 0.641382 0.0066959 
0.912175 0.400429 0.629247 0.00684597 
0.889869 0.422543 0.619653 0.00723676 
0.749175 0.697088 0.133182 0.0110963 
0.752803 0.679746 0.137843 0.0121649 
0.752275 0.725807 0.155011 0.0126413 
0.752385 0.718326 0.164249 0.0126537 
0.757599 0.679344 0.140767 0.0132351 
0.758134 0.699405 0.123177 0.0133157 
0.760842 0.702531 0.155368 0.013842 
0.761237 0.722004 0.135045 0.014307 
0.762938 0.715217 0.139308 0.0144004 
0.748948 0.660809 0.096162 0.014411 
0.747581 0.655796 0.0971057 0.0144442 
0.748737 0.717112 0.0848559 0.0144506 
0.764569 0.697641 0.133513 0.014561 
0.763849 0.691284 0.154742 0.0145681 
0.750609 0.687502 0.196997 0.0145835 
0.751018 0.690435 0.0837743 0.0147672 
0.760492 0.689454 0.17583 0.0148268 
0.76721 0.687255 0.136759 0.0152885 
0.767614 0.695531 0.135145 0.0152891 
0.767855 0.69364 0.155987 0.0155509 
0.144631 0.754844 0.816539 0.00681328 
0.12362 0.75987 0.831167 0.00716957 
0.14912 0.760107 0.822364 0.00767277 
0.12224 0.763281 0.839391 0.00780971 
0.152488 0.761819 0.829002 0.00800935 
0.128789 0.768375 0.829192 0.00865608 
0.154761 0.7671 0.855055 0.00951964 
0.123014 0.772483 0.825375 0.00952329 
0.107763 0.770318 0.818687 0.00968782 
0.180608 0.760335 0.838494 0.00984874 
0.13643 0.770522 0.860941 0.00986104 
0.0908648 0.759042 0.87186 0.00997988 
0.188306 0.75616 0.830519 0.00998225 
0.151573 0.754808 0.776302 0.0100252 
0.0930663 0.769046 0.842726 0.0101836 
0.0878684 0.764616 0.806173 0.0104189 
0.090158 0.764492 0.867893 0.010685 
0.0912355 0.770629 0.847275 0.0107266 
0.194677 0.755941 0.819962 0.0109047 
0.127146 0.780856 0.836023 0.0111291 
0.64146 0.501397 0.458474 0.0496364 
0.663358 0.505315 0.494981 0.0513638 
0.697281 0.501807 0.471095 0.0517433 
0.609622 0.502696 0.437937 0.0529729 
0.649018 0.510223 0.499101 0.0535393 
0.648116 0.504601 0.420475 0.0540322 
0.650466 0.510841 0.45315 0.0541099 
0.597122 0.506353 0.461559 0.0543631 
0.581342 0.504599 0.486983 0.0552028 
0.660452 0.51407 0.463795 0.0553032 
0.650991 0.508969 0.422496 0.0557864 
0.675908 0.514464 0.484447 0.0558752 
0.636983 0.502167 0.398999 0.0560672 
0.585588 0.508405 0.494209 0.0565389 
0.706169 0.51122 0.481533 0.0568926 
0.732401 0.499675 0.437546 0.0571033 
0.650735 0.518446 0.460822 0.0573433 
0.717005 0.505908 0.439619 0.0573813 
0.719935 0.508871 0.485155 0.0576076 
0.679031 0.506574 0.403038 0.0581843 
0.555382 0.754507 0.274584 0.00608043 
0.522521 0.749913 0.271605 0.00612032 
0.512402 0.750339 0.289846 0.00632252 
0.5487 0.752765 0.330136 0.00672605 
0.521653 0.751553 0.263216 0.00684092 
0.551519 0.750784 0.336254 0.00693442 
0.571624 0.749346 0.254953 0.00697447 
0.511764 0.754652 0.28891 0.00700775 
0.536025 0.747264 0.246117 0.0070274 
0.550228 0.748399 0.34295 0.00720581 
0.52738 0.753845 0.257862 0.00726495 
0.508475 0.748741 0.259689 0.00753494 
0.525443 0.763313 0.297607 0.0075791 
0.58804 0.756494 0.297101 0.00758488 
0.580216 0.762147 0.299806 0.0079481 
0.553017 0.748565 0.237438 0.00799322 
0.561954 0.755773 0.338997 0.00809829 
0.570467 0.762954 0.268742 0.00813394 
0.533679 0.766446 0.314381 0.00822556 
0.556838 0.759939 0.334987 0.00828804 
0.688198 0.777204 0.25015 0.000288825 
0.676096 0.778678 0.230252 0.000311425 
0.68311 0.767995 0.238547 0.000397606 
0.671807 0.797386 0.233297 0.000413731 
0.66516 0.762024 0.255582 0.000540157 
0.682801 0.761647 0.242857 0.000559683 
0.682538 0.793738 0.22809 0.000592657 
0.684688 0.759982 0.248268 0.000658413 
0.681308 0.790722 0.22426 0.00067002 
0.657881 0.757688 0.243015 0.000837344 
0.667851 0.778015 0.218193 0.000873739 
0.67678 0.811557 0.253419 0.000908287 
0.647745 0.765095 0.251033 0.000920299 
0.692591 0.764475 0.233297 0.000923206 
0.689014 0.76478 0.228507 0.000935099 
0.644359 0.788449 0.235753 0.000946306 
0.698143 0.784589 0.229678 0.000974065 
0.654422 0.759822 0.234565 0.000988233 
0.659519 0.752397 0.241218 0.00110038 
0.683608 0.814363 0.249186 0.0011513 
0.524395 0.147006 0.282527 0.000277451 
0.5333 0.146722 0.280128 0.000316751 
0.544209 0.132995 0.299277 0.000326263 
0.513311 0.130329 0.304781 0.000451938 
0.544461 0.130706 0.306814 0.000532187 
0.544528 0.150547 0.298249 0.000632497 
0.530597 0.155067 0.275274 0.00072147 
0.519766 0.130724 0.263113 0.000816504 
0.548776 0.145442 0.273411 0.000848778 
0.513739 0.154085 0.273482 0.000951915 
0.540828 0.160808 0.28389 0.000972349 
0.54256 0.132256 0.319544 0.00105603 
0.533935 0.165267 0.292131 0.00108425 
0.522 0.148764 0.319064 0.00112972 
0.521018 0.165096 0.281522 0.00117366 
0.505503 0.148762 0.268969 0.00123774 
0.558041 0.152021 0.283137 0.00128568 
0.500398 0.14359 0.311676 0.00137115 
0.504815 0.16308 0.29202 0.00148326 
0.522749 0.162536 0.265216 0.00154099 
0.924689 0.736573 0.215094 0.00100095 
0.946114 0.741533 0.231201 0.0012928 
0.942348 0.739376 0.23474 0.00142696 
0.933875 0.733475 0.19827 0.00146903 
0.930897 0.729545 0.211744 0.00148594 
0.943774 0.737884 0.181674 0.00218961 
0.894163 0.741555 0.240544 0.0025804 
0.904176 0.731524 0.243022 0.00275713 
0.95545 0.72047 0.21175 0.00297892 
0.936974 0.71881 0.237889 0.00304617 
0.971187 0.735446 0.198866 0.00310114 
0.946446 0.724908 0.183005 0.00314155 
0.916109 0.710818 0.212091 0.00342543 
0.976978 0.736309 0.224974 0.00345406 
0.937159 0.736399 0.164651 0.00352119 
0.981158 0.742888 0.236233 0.00387234 
0.987208 0.746234 0.209935 0.00391962 
0.872752 0.738416 0.220385 0.00403435 
0.918202 0.745178 0.155785 0.00403753 
0.976259 0.735017 0.187554 0.00406098 
0.0180093 0.440042 0.139046 0.000621009 
0.02708 0.447969 0.141754 0.000790757 
0.0495558 0.438114 0.13379 0.000946477 
0.0459831 0.443519 0.137598 0.000960117 
0.00789569 0.424733 0.139696 0.00110078 
0.0569326 0.447913 0.132521 0.00139469 
0.0396479 0.456691 0.147445 0.00156608 
0.00210929 0.42623 0.147118 0.00171173 
0.0230742 0.441734 0.157165 0.0017748 
0.00155634 0.467213 0.137101 0.00182926 
0.0112645 0.470821 0.143279 0.00199239 
0.0164661 0.480349 0.130874 0.00202907 
0.0279607 0.404695 0.147251 0.00221538 
0.0397164 0.428091 0.158981 0.00225287 
0.0585926 0.471358 0.130484 0.00240344 
0.0453914 0.423771 0.159397 0.00260087 
0.0129913 0.39621 0.141304 0.00266153 
0.00381858 0.420665 0.160707 0.00286232 
0.0390528 0.463882 0.16095 0.00290908 
0.0499933 0.463619 0.156853 0.00296318 
0.724686 0.130187 0.668449 0.000561976 
0.728589 0.141833 0.680637 0.000606551 
0.740159 0.126573 0.702271 0.000988281 
0.731312 0.159257 0.659524 0.00132032 
0.718765 0.148635 0.657236 0.0014436 
0.728175 0.14866 0.701863 0.00165413 
0.739965 0.15792 0.702182 0.00178166 
0.738008 0.170108 0.686439 0.00195502 
0.721887 0.142539 0.70554 0.00198117 
0.715198 0.127158 0.701959 0.00198664 
0.701805 0.137042 0.674815 0.0022086 
0.726445 0.152873 0.636831 0.00225047 
0.707302 0.159277 0.678411 0.00259015 
0.722861 0.173776 0.658475 0.00277634 
0.736743 0.171445 0.703527 0.00287776 
0.726389 0.176022 0.654905 0.00292357 
0.730526 0.16242 0.712369 0.00301875 
0.695823 0.139993 0.688846 0.00312706 
0.716349 0.176228 0.663758 0.00325546 
0.696397 0.144448 0.651482 0.0033178 
0.0144759 0.0958773 0.759262 0.000565605 
0.000799309 0.123917 0.75611 0.000910158 
0.00674403 0.108272 0.773055 0.00127114 
0.000379337 0.125117 0.767157 0.0014782 
0.0071384 0.118235 0.773341 0.00157127 
0.00428128 0.0665658 0.761864 0.00161009 
0.0315178 0.100802 0.770021 0.0017962 
0.0177708 0.0818086 0.775125 0.00185016 
0.0361908 0.125182 0.756517 0.0020886 
0.00664206 0.0954631 0.787895 0.00244395 
0.0501498 0.0919485 0.759235 0.00270214 
0.0523433 0.101388 0.759275 0.00286528 
0.0503949 0.101002 0.764274 0.00290535 
0.0168488 0.0683543 0.781579 0.00298756 
0.0170265 0.122283 0.786435 0.00299857 
0.0390686 0.0734241 0.772038 0.00308425 
0.0130836 0.121736 0.789837 0.00321435 
0.0254814 0.150433 0.755742 0.00340716 
0.0288792 0.139594 0.776347 0.00370649 
0.00684258 0.0624581 0.788185 0.00381915 
0.924517 0.233811 0.796427 0.00096306 
0.916811 0.233215 0.826208 0.00162192 
0.927713 0.24577 0.828011 0.00164731 
0.915478 0.18731 0.792229 0.00229882 
0.906636 0.199038 0.820544 0.00233412 
0.928044 0.24364 0.842689 0.00234412 
0.914513 0.214763 0.772775 0.00239061 
0.916599 0.245821 0.779905 0.00256606 
0.91816 0.177442 0.812783 0.00263544 
0.917989 0.179079 0.822957 0.00273107 
0.917625 0.192949 0.773397 0.00276536 
0.895533 0.223845 0.80681 0.00289096 
0.897178 0.228405 0.79433 0.00295822 
0.902122 0.228215 0.780071 0.00303902 
0.924761 0.228023 0.855925 0.00305183 
0.902245 0.209036 0.777745 0.00314001 
0.922786 0.212776 0.75579 0.00336634 
0.895978 0.23156 0.787551 0.00338042 
0.927329 0.196496 0.858264 0.00353641 
0.893573 0.237626 0.791102 0.00371353 
0.859902 0.981491 0.502903 0.000411607 
0.832062 0.989417 0.517061 0.000528445 
0.861829 0.993405 0.512395 0.000537899 
0.857965 0.995621 0.521338 0.000765227 
0.855045 0.996202 0.522895 0.000771455 
0.835565 0.971785 0.517905 0.000922698 
0.846238 0.992167 0.52891 0.00098184 
0.858103 0.973442 0.520134 0.00108215 
0.816871 0.98575 0.517226 0.00116444 
0.861072 0.961036 0.516348 0.00165462 
0.86715 0.960802 0.513349 0.00181194 
0.81343 0.979825 0.529711 0.00212579 
0.866704 0.996337 0.539242 0.00225962 
0.824303 0.962468 0.528863 0.00228045 
0.887296 0.996928 0.519019 0.00235395 
0.864541 0.990559 0.542848 0.00247161 
0.86916 0.95622 0.522858 0.00261258 
0.803102 0.962652 0.508242 0.00268937 
0.800688 0.978528 0.523917 0.00276295 
0.833793 0.990003 0.54957 0.00280444 
0.615508 0.279113 0.488267 0.000516186 
0.604184 0.256453 0.486805 0.000625731 
0.625665 0.288372 0.492743 0.000756185 
0.648454 0.273654 0.495322 0.000858569 
0.62324 0.288821 0.488346 0.000876495 
0.602425 0.279614 0.488272 0.000878788 
0.60694 0.261698 0.474979 0.00101193 
0.590529 0.26433 0.49217 0.00111921 
0.605276 0.26539 0.472109 0.00123751 
0.650153 0.270569 0.480088 0.00135626 
0.618325 0.286084 0.47308 0.0014329 
0.599198 0.285449 0.481628 0.00148228 
0.658663 0.283485 0.49621 0.00179156 
0.634615 0.303736 0.494921 0.00187349 
0.59956 0.263249 0.465871 0.00188078 
0.642381 0.274978 0.463302 0.00211423 
0.589497 0.267277 0.468796 0.00224785 
0.659039 0.295164 0.496286 0.0024322 
0.637441 0.263006 0.455142 0.00250887 
0.627078 0.31311 0.497816 0.00255662 
0.809708 0.131819 0.399024 0.00052132 
0.797241 0.126639 0.397604 0.000764172 
0.791317 0.124497 0.375252 0.000838267 
0.799661 0.128865 0.404928 0.000981432 
0.829459 0.148296 0.390545 0.000999612 
0.830594 0.133957 0.408843 0.00105352 
0.803031 0.124971 0.411955 0.00117612 
0.794504 0.128928 0.405636 0.00124189 
0.828723 0.133842 0.414194 0.00132537 
0.824381 0.156219 0.384994 0.00137282 
0.82457 0.160351 0.389335 0.00173806 
0.802666 0.159803 0.383351 0.00188016 
0.793534 0.155902 0.389041 0.00201131 
0.798294 0.149453 0.409361 0.0020609 
0.829904 0.164325 0.388016 0.00214735 
0.769757 0.126549 0.384402 0.00248091 
0.816689 0.159957 0.412397 0.0025471 
0.813717 0.125874 0.43193 0.00255079 
0.838161 0.127991 0.429593 0.00269165 
0.813781 0.148204 0.426295 0.00279589 
0.978292 0.875566 0.937246 0.000179544 
0.992151 0.874698 0.944828 0.000210081 
0.988745 0.889228 0.947112 0.000344759 
0.979492 0.881151 0.929773 0.000483925 
0.96465 0.894834 0.958285 0.000700293 
0.972618 0.897687 0.961064 0.000715952 
0.965759 0.895202 0.940504 0.000725933 
0.951283 0.881339 0.951552 0.000816391 
0.952355 0.886864 0.950175 0.00087035 
0.954957 0.893691 0.945135 0.000991926 
0.97017 0.899829 0.971184 0.00117461 
0.998381 0.898572 0.965844 0.00122507 
0.947537 0.890769 0.94644 0.00128204 
0.974002 0.90194 0.975906 0.00145411 
0.984195 0.911879 0.938256 0.00162211 
0.942314 0.880063 0.929232 0.00182651 
0.982022 0.896387 0.913045 0.00192111 
0.935829 0.87703 0.962859 0.00201268 
0.985862 0.914773 0.930674 0.00211453 
0.932588 0.877237 0.93919 0.00227986 
0.602686 0.479264 0.522643 0.000162555 
0.607557 0.489631 0.521343 0.000277165 
0.583889 0.487928 0.51022 0.000293197 
0.583847 0.47383 0.518238 0.000337908 
0.598461 0.496848 0.499039 0.000405498 
0.596501 0.45851 0.527706 0.000778778 
0.625503 0.476527 0.519685 0.000791863 
0.621205 0.463877 0.51694 0.000795165 
0.622931 0.477735 0.532378 0.00105189 
0.616039 0.485143 0.53877 0.00111131 
0.632903 0.48311 0.514745 0.00116316 
0.633498 0.483602 0.505647 0.00121075 
0.628823 0.459025 0.503042 0.00138296 
0.597598 0.442312 0.518334 0.0015047 
0.590866 0.492325 0.546588 0.00152314 
0.561369 0.491968 0.505339 0.00159382 
0.596822 0.464534 0.547238 0.00160819 
0.58213 0.456988 0.538686 0.00163133 
0.561892 0.476365 0.528956 0.00175011 
0.594424 0.446417 0.53458 0.00175129 
0.500198 0.716721 0.0773712 0.00983005 
0.502693 0.737083 0.083016 0.010554 
0.505106 0.740534 0.0960754 0.0107962 
0.509064 0.694192 0.10979 0.0112366 
0.511125 0.699162 0.11443 0.0115621 
0.510678 0.741831 0.0975163 0.0119887 
0.508879 0.674412 0.0939611 0.012476 
0.516306 0.727706 0.095132 0.0126655 
0.510774 0.734697 0.143809 0.0131054 
0.504034 0.671486 0.146622 0.013335 
0.511432 0.667333 0.0958602 0.0135853 
0.518334 0.745689 0.101675 0.0138486 
0.522447 0.717611 0.0917694 0.013974 
0.51812 0.681932 0.0882787 0.0140998 
0.50388 0.71913 0.172644 0.0143588 
0.524766 0.702308 0.10519 0.0144713 
0.507739 0.744561 0.044892 0.0151017 
0.504019 0.645675 0.13271 0.0152327 
0.527652 0.714472 0.0897044 0.01527 
0.522444 0.746361 0.126892 0.0153036 
0.507928 0.0770274 0.491574 0.00122636 
0.529957 0.0933456 0.493476 0.00175296 
0.50446 0.092589 0.483498 0.0021543 
0.509197 0.0395358 0.496779 0.00222878 
0.541327 0.0862392 0.486551 0.00263171 
0.523584 0.10805 0.477252 0.00360244 
0.558582 0.09275 0.493602 0.00364582 
0.502159 0.1094 0.47557 0.00376608 
0.546492 0.0376693 0.489123 0.00416036 
0.564254 0.0592878 0.492693 0.00429415 
0.514542 0.0612309 0.462359 0.0043496 
0.550847 0.084932 0.474352 0.00440359 
0.502691 0.0860397 0.460301 0.00453973 
0.549132 0.0684078 0.471495 0.00455948 
0.54429 0.0521613 0.472327 0.00463745 
0.499803 0.023573 0.483745 0.00471501 
0.547309 0.110152 0.479223 0.00472421 
0.525922 0.0508056 0.463707 0.00481616 
0.532536 0.0904055 0.460974 0.00496807 
0.521041 0.0209293 0.483587 0.00500151 
0.872655 0.773635 0.60204 0.00015508 
0.889647 0.767776 0.616205 0.000229457 
0.88575 0.756014 0.592847 0.000345787 
0.900624 0.768652 0.615502 0.000426804 
0.882827 0.756763 0.586539 0.000486974 
0.882377 0.75391 0.584872 0.000639571 
0.895164 0.761369 0.580028 0.000716244 
0.879441 0.800956 0.614257 0.00101282 
0.905227 0.793118 0.61586 0.00103887 
0.887845 0.785958 0.633422 0.00116638 
0.872833 0.781723 0.571879 0.00117535 
0.87616 0.797261 0.624299 0.00119805 
0.88483 0.783686 0.636647 0.00131018 
0.887909 0.765751 0.640037 0.00146282 
0.878371 0.802828 0.576917 0.00164732 
0.924951 0.773373 0.584531 0.0019187 
0.926767 0.785744 0.591248 0.0020605 
0.924612 0.793199 0.609759 0.00207589 
0.918287 0.800951 0.591002 0.00208032 
0.924424 0.755302 0.585562 0.00211598 
0.523436 0.84853 0.983567 0.000424698 
0.508739 0.86656 0.97589 0.00067626 
0.503 0.876318 0.980932 0.000818622 
0.531667 0.837159 0.982386 0.00101968 
0.537453 0.847496 0.974412 0.00110486 
0.536831 0.875573 0.971535 0.00120563 
0.522469 0.891439 0.97826 0.00129355 
0.517629 0.856644 0.959728 0.00156232 
0.50029 0.88782 0.972365 0.00176004 
0.526774 0.898488 0.977419 0.00183176 
0.537696 0.877108 0.959539 0.0020774 
0.554807 0.864041 0.965399 0.00232066 
0.56311 0.844243 0.981182 0.00247109 
0.529887 0.83626 0.955324 0.00264845 
0.551057 0.820342 0.992175 0.00273497 
0.511558 0.898956 0.961278 0.00284734 
0.538113 0.878307 0.94893 0.00307555 
0.542689 0.811148 0.988339 0.00320413 
0.511605 0.840121 0.946196 0.00332021 
0.578481 0.865012 0.990559 0.00347848 
0.761493 0.259702 0.495696 0.0214928 
0.756803 0.223031 0.4843 0.0233528 
0.767087 0.247114 0.490436 0.023416 
0.753003 0.248466 0.475984 0.0246947 
0.771786 0.217123 0.482071 0.0268839 
0.756234 0.190584 0.47646 0.0274655 
0.758923 0.205386 0.472247 0.0278266 
0.786187 0.272193 0.485345 0.0296003 
0.802865 0.220335 0.496707 0.0302647 
0.754202 0.341227 0.493748 0.0305677 
0.790579 0.240466 0.479625 0.0310491 
0.78586 0.182208 0.488435 0.0310681 
0.804745 0.257551 0.493572 0.0314015 
0.770626 0.312106 0.480551 0.031721 
0.776664 0.317322 0.487199 0.0320181 
0.776394 0.194825 0.471086 0.0322887 
0.75977 0.32862 0.47976 0.0325877 
0.808261 0.228125 0.491249 0.0327246 
0.80489 0.204099 0.492161 0.0327581 
0.761308 0.137344 0.490704 0.0327966 
0.868028 0.0376311 0.0680546 0.000596747 
0.863747 0.0398072 0.0476672 0.00070199 
0.857973 0.0551822 0.0666524 0.0012635 
0.862329 0.0142435 0.0377893 0.00176652 
0.864675 0.0719901 0.0757314 0.00192015 
0.866502 0.052628 0.0196904 0.00193928 
0.853114 0.0574084 0.0816783 0.00220342 
0.860061 0.0296866 0.0938423 0.00240681 
0.839764 0.029957 0.0535152 0.00254806 
0.859997 0.0478491 0.0147014 0.00257378 
0.849914 0.029946 0.0886245 0.00271998 
0.868599 0.0738612 0.0914956 0.00273783 
0.848781 0.0448611 0.0221564 0.00275901 
0.867446 0.0502274 0.00489151 0.00313989 
0.852574 0.0513931 0.0137647 0.00319461 
0.83317 0.0312889 0.0523907 0.00321749 
0.853336 0.00272003 0.0783759 0.00326006 
0.836161 0.0431048 0.0235147 0.00383151 
0.839267 0.017635 0.0876082 0.00402957 
0.833088 0.0692745 0.0409294 0.00411851 
0.199754 0.964149 0.639277 0.00032042 
0.205497 0.989595 0.633459 0.000324744 
0.197007 0.990987 0.649213 0.000369433 
0.187805 0.964121 0.6481 0.000672297 
0.229828 0.961001 0.652969 0.000708 
0.213911 0.955505 0.664687 0.000845496 
0.225466 0.974889 0.673652 0.00101956 
0.225665 0.975367 0.615757 0.0011506 
0.211526 0.955495 0.6734 0.00123815 
0.202476 0.983062 0.682034 0.00140347 
0.220636 0.965096 0.611713 0.00142262 
0.248694 0.972507 0.649978 0.00153485 
0.195318 0.958732 0.614519 0.00153878 
0.18317 0.995757 0.623749 0.00154958 
0.21153 0.995664 0.610674 0.0015744 
0.213699 0.939864 0.660241 0.00162128 
0.230828 0.99786 0.617192 0.00167476 
0.235768 0.993114 0.673984 0.00170765 
0.219481 0.949034 0.617086 0.0017112 
0.238417 0.990947 0.67262 0.00171196 
