0.917545 0.823346 0.166725 0.000129784
0.908447 0.833398 0.183992 0.000142956
0.927004 0.832042 0.171951 0.000276194
0.902446 0.846762 0.173427 0.000345719
0.929273 0.814473 0.163105 0.000685778
0.918488 0.854915 0.178853 0.000720408
0.927034 0.809833 0.183999 0.000807969
0.892593 0.815263 0.191368 0.000887746
0.897662 0.81812 0.147914 0.000922091
0.881457 0.826714 0.15987 0.00102074
0.904234 0.800147 0.163196 0.00102305
0.9239 0.844936 0.198421 0.00106215
0.877156 0.831709 0.179932 0.0011684
0.922097 0.838117 0.140734 0.00122176
0.920317 0.864281 0.167499 0.00129614
0.885468 0.805212 0.161586 0.00136747
0.897894 0.866071 0.171689 0.00145954
0.893064 0.865266 0.178763 0.00158307
0.943744 0.80786 0.179886 0.00164655
0.875133 0.810271 0.176201 0.00165517
0.7886 0.893823 0.423123 3.76709e-05
0.792475 0.89919 0.421697 5.15714e-05
0.807263 0.898091 0.437139 0.000379772
0.805671 0.90865 0.421023 0.000387697
0.785488 0.903499 0.440471 0.000494147
0.810136 0.909736 0.421328 0.000541331
0.787895 0.915203 0.419881 0.000570711
0.799431 0.881055 0.401385 0.000640355
0.812113 0.899563 0.405679 0.000670339
0.772947 0.879902 0.430687 0.000681581
0.790208 0.899708 0.398657 0.000683083
0.785338 0.916869 0.420976 0.000683261
0.807456 0.871277 0.415269 0.000683928
0.812279 0.901394 0.441445 0.000716364
0.788774 0.865624 0.418683 0.000780938
0.787064 0.8687 0.409028 0.000832086
0.806348 0.918332 0.431906 0.000875287
0.820582 0.905176 0.430838 0.000890025
0.815362 0.915766 0.429656 0.00100946
0.799205 0.878334 0.452329 0.00105972
0.811292 0.526196 0.642922 9.89673e-05
0.80852 0.525901 0.650681 0.000133226
0.79126 0.512231 0.637975 0.000229595
0.823151 0.530107 0.64314 0.000498924
0.780121 0.517501 0.638305 0.000531751
0.818404 0.525166 0.622962 0.000618982
0.823694 0.524442 0.655483 0.000642734
0.801809 0.513472 0.615764 0.000744126
0.825703 0.512278 0.630089 0.000760125
0.828515 0.516771 0.650732 0.00077756
0.800199 0.532473 0.668108 0.00081624
0.791857 0.500546 0.625047 0.000837705
0.796953 0.508114 0.667066 0.000851556
0.827319 0.535833 0.648134 0.000856718
0.779753 0.508659 0.62819 0.000871864
0.781003 0.542928 0.648669 0.000966434
0.792281 0.522388 0.672375 0.0010411
0.81389 0.493406 0.652973 0.00104819
0.774133 0.534432 0.651041 0.00105752
0.821504 0.497219 0.652835 0.00107541
0.430464 0.102255 0.199052 0.000126459
0.42795 0.0911528 0.206488 0.000138213
0.41489 0.0853541 0.20021 0.000156793
0.435672 0.0878013 0.199534 0.000231324
0.412522 0.0886304 0.186026 0.000250338
0.406668 0.0946626 0.199759 0.00025739
0.416717 0.0886742 0.211043 0.00027368
0.410551 0.0906968 0.184087 0.000317622
0.40542 0.0982586 0.191621 0.000327902
0.430662 0.0925911 0.212891 0.000333044
0.438796 0.0994053 0.203803 0.00033954
0.409014 0.0906095 0.178393 0.000533836
0.43527 0.0942093 0.176528 0.000574092
0.399735 0.0996716 0.203589 0.000586013
0.427713 0.0711389 0.200828 0.000601442
0.414756 0.0816514 0.216811 0.000632564
0.440958 0.103118 0.181463 0.000647321
0.421225 0.0910064 0.171381 0.000658853
0.430199 0.120049 0.198591 0.000704558
0.417212 0.119221 0.212569 0.000876957
0.538161 0.473197 0.132841 0.000194541
0.509349 0.488442 0.132632 0.000520941
0.51456 0.471248 0.127291 0.000536145
0.551432 0.471476 0.1401 0.000570985
0.519394 0.463704 0.149686 0.000613486
0.510086 0.491657 0.152129 0.000663238
0.534459 0.486516 0.113539 0.000679513
0.54917 0.469059 0.153964 0.000764027
0.51907 0.468394 0.117075 0.00083325
0.546292 0.508132 0.136772 0.000879035
0.524227 0.489851 0.109193 0.000979687
0.542655 0.51025 0.150134 0.00100514
0.537508 0.456818 0.122617 0.00100994
0.539713 0.46514 0.164193 0.00103613
0.506786 0.505686 0.145938 0.00112319
0.549612 0.455136 0.146366 0.00119713
0.557019 0.490994 0.116972 0.00125063
0.552791 0.510606 0.135791 0.00126102
0.519635 0.449672 0.144561 0.00126697
0.550426 0.467863 0.165424 0.00131955
0.506022 0.414793 0.71602 0.000123579
0.507633 0.398485 0.714695 0.000135464
0.516507 0.423177 0.720895 0.000270955
0.527487 0.416508 0.70634 0.000324641
0.516256 0.410229 0.692895 0.000516413
0.506404 0.390039 0.700124 0.000615898
0.50572 0.433127 0.714808 0.000722652
0.530414 0.406085 0.737862 0.00075574
0.540654 0.416337 0.709149 0.000790815
0.535026 0.404229 0.694377 0.000872144
0.489387 0.3962 0.730915 0.00101019
0.546581 0.407552 0.712359 0.00103121
0.512377 0.439237 0.708929 0.00103758
0.498793 0.378889 0.71641 0.00108529
0.508607 0.374972 0.717199 0.00111474
0.520399 0.377563 0.730568 0.00117497
0.547585 0.398319 0.715179 0.00117623
0.527636 0.439438 0.719577 0.0011898
0.538165 0.408641 0.689833 0.00121033
0.535295 0.414819 0.687917 0.00123415
0.927081 0.392097 0.339795 0.000225859
0.929714 0.378497 0.335238 0.000284715
0.950782 0.389609 0.343544 0.00035979
0.946958 0.410609 0.332925 0.000435372
0.961311 0.378503 0.338664 0.000801219
0.945852 0.365347 0.336231 0.00081347
0.960126 0.394838 0.310322 0.000863844
0.960848 0.373108 0.329389 0.000872724
0.963152 0.389567 0.314038 0.000874363
0.945535 0.37019 0.310328 0.00090208
0.967118 0.39887 0.333588 0.00090322
0.940558 0.393646 0.29908 0.000940756
0.960296 0.39134 0.307237 0.000992253
0.955689 0.408096 0.308745 0.00100291
0.942421 0.42395 0.328752 0.0010403
0.927482 0.36695 0.310983 0.00108769
0.947672 0.402759 0.359865 0.00112215
0.928621 0.413103 0.353982 0.00112997
0.953274 0.419439 0.317325 0.00113341
0.93349 0.359641 0.320459 0.00115203
0.776672 0.288482 0.425268 2.15418e-05
0.767084 0.30022 0.438194 0.000415703
0.768653 0.281435 0.411708 0.000421952
0.79358 0.275645 0.423237 0.000429692
0.78434 0.295219 0.402107 0.000573649
0.795696 0.287952 0.445361 0.000647935
0.78429 0.309437 0.443708 0.000676695
0.799011 0.276859 0.410929 0.0007716
0.764272 0.288121 0.449262 0.000836393
0.810381 0.286735 0.427113 0.000930683
0.780674 0.319538 0.411984 0.000972047
0.783226 0.263152 0.411667 0.000995054
0.805452 0.294648 0.444367 0.0010039
0.807265 0.304627 0.414797 0.00101561
0.764831 0.314583 0.440961 0.00101841
0.811962 0.29288 0.430568 0.00103262
0.767146 0.261686 0.42673 0.00105703
0.762013 0.292759 0.45336 0.00111732
0.75629 0.266448 0.426847 0.00120011
0.770244 0.279245 0.456814 0.00123523
0.0968058 0.0439413 0.117842 0.000154996
0.0918833 0.0568757 0.139741 0.000278479
0.0902017 0.0723666 0.116995 0.000469604
0.0782975 0.0655659 0.118619 0.000590286
0.114105 0.0428919 0.141235 0.000629388
0.105823 0.0509449 0.148832 0.000636376
0.11168 0.0561629 0.102441 0.000671028
0.0820906 0.0401633 0.10894 0.000723854
0.129213 0.0533436 0.127869 0.000935739
0.0903416 0.0513906 0.155504 0.00102059
0.0820064 0.0731243 0.103873 0.00108303
0.0779991 0.0465917 0.149811 0.00111306
0.0678964 0.0391945 0.126119 0.00117704
0.0749987 0.0739866 0.108684 0.00122261
0.124038 0.0748905 0.111555 0.00124698
0.0987777 0.0900248 0.129294 0.00131306
0.129096 0.0386102 0.110493 0.00136259
0.128142 0.0647848 0.145527 0.00140591
0.126995 0.0484701 0.152921 0.00161737
0.121384 0.0693621 0.0951181 0.00162618
0.776112 0.791158 0.806637 1.34898e-05
0.792032 0.794316 0.804742 0.000163552
0.790454 0.799103 0.812997 0.000232773
0.787252 0.78418 0.794337 0.000235753
0.774154 0.803902 0.816459 0.00030599
0.775112 0.803097 0.819998 0.000366587
0.786832 0.77586 0.814511 0.000372576
0.79513 0.797971 0.794521 0.000406149
0.76791 0.77195 0.798352 0.000565698
0.760054 0.780816 0.796259 0.000580303
0.801287 0.778192 0.803338 0.000648026
0.782434 0.815015 0.817967 0.00072152
0.800409 0.806525 0.814849 0.00074867
0.752849 0.79443 0.810449 0.000749822
0.78699 0.767716 0.820308 0.000831118
0.75612 0.782211 0.822787 0.000932677
0.77609 0.785422 0.836251 0.000989918
0.786546 0.794242 0.836305 0.00100186
0.772861 0.821911 0.798639 0.00102675
0.788738 0.796457 0.775001 0.00104275
0.217086 0.172537 0.185118 0.000142844
0.20241 0.166039 0.192304 0.000164841
0.204372 0.1756 0.199768 0.000195492
0.214447 0.189264 0.192264 0.00027388
0.222226 0.163805 0.186561 0.000431762
0.197782 0.19265 0.173547 0.000475398
0.200775 0.160924 0.164977 0.000710225
0.204675 0.196562 0.203589 0.000712071
0.229091 0.173898 0.200886 0.000770652
0.18177 0.191327 0.191295 0.000826706
0.221314 0.193593 0.20433 0.000866011
0.218142 0.193004 0.161698 0.00100498
0.238517 0.179546 0.191861 0.00110934
0.211952 0.158594 0.213393 0.0011172
0.192131 0.20784 0.186164 0.00116409
0.189148 0.192558 0.160734 0.00116764
0.228686 0.200379 0.200743 0.00130511
0.174812 0.15788 0.186821 0.00131695
0.200279 0.19884 0.214473 0.00134144
0.222639 0.152306 0.164179 0.00134386
0.603051 0.908458 0.564232 7.23183e-05
0.602628 0.920391 0.566512 7.52985e-05
0.614527 0.90584 0.555601 0.000177312
0.621425 0.910952 0.569228 0.000217052
0.612414 0.899451 0.552629 0.000367557
0.622414 0.898295 0.56542 0.000472955
0.623848 0.920479 0.58039 0.000557939
0.614761 0.914073 0.589817 0.000742663
0.582565 0.916012 0.573792 0.000785378
0.623377 0.906325 0.540207 0.000827332
0.610686 0.893784 0.583124 0.000843377
0.638315 0.921036 0.563716 0.000925197
0.587597 0.935407 0.573079 0.000954337
0.592153 0.91238 0.536691 0.000982505
0.619561 0.885295 0.557876 0.00102745
0.600653 0.94473 0.553429 0.0010495
0.62908 0.898424 0.583832 0.00111532
0.637818 0.905999 0.57819 0.00115881
0.624121 0.934297 0.539944 0.00116504
0.594362 0.888697 0.583002 0.00127524
0.980689 0.14694 0.00227036 0.000262193
0.958775 0.130644 0.014341 0.000326077
0.97899 0.130707 0.000629825 0.000347791
0.977395 0.12141 0.0078209 0.000641672
0.992089 0.156125 0.000164414 0.000914222
0.985022 0.120318 0.0178815 0.00114245
0.969819 0.123779 0.0337266 0.00135528
0.942276 0.120385 0.0227224 0.00142731
0.967379 0.143856 0.0444071 0.00175168
0.929184 0.12099 0.00420297 0.00176602
0.979772 0.136622 0.041817 0.00179256
0.98277 0.157998 0.0389247 0.00186061
0.982733 0.117697 0.0330266 0.00187258
0.946626 0.169688 0.035009 0.00210443
0.984366 0.123047 0.0396518 0.00213875
0.996627 0.111716 0.0171764 0.00218283
0.960738 0.189136 0.0117898 0.00224061
0.982752 0.101841 0.0184074 0.00224872
0.932831 0.153862 0.037004 0.00233762
0.957335 0.180072 0.0376274 0.00266601
0.882803 0.432338 0.224229 9.28054e-05
0.873357 0.431924 0.213174 0.000187867
0.856182 0.435633 0.224757 0.000525687
0.862789 0.423607 0.202341 0.000686064
0.86783 0.438345 0.203606 0.000693137
0.87475 0.444976 0.20586 0.00075153
0.874819 0.432097 0.251154 0.000757743
0.889026 0.440048 0.244376 0.000772592
0.890616 0.403153 0.211896 0.000839414
0.882455 0.452454 0.235746 0.000910658
0.898716 0.422149 0.201656 0.00102753
0.89006 0.454043 0.219609 0.00104915
0.907924 0.434667 0.225288 0.00107937
0.862811 0.39361 0.225125 0.00117639
0.848688 0.423497 0.245585 0.00121731
0.885584 0.439066 0.255335 0.00122337
0.862132 0.426535 0.192095 0.00126579
0.876454 0.426436 0.188784 0.00128476
0.849279 0.408666 0.242726 0.00133882
0.862779 0.453337 0.243578 0.00134929
0.522182 0.040551 0.388779 4.60935e-05
0.515668 0.0441613 0.397196 0.000152484
0.532294 0.0464218 0.376227 0.000284659
0.512831 0.031944 0.386324 0.000380274
0.523445 0.0238735 0.399163 0.00047472
0.525803 0.0307794 0.373087 0.000540439
0.543348 0.060947 0.381648 0.000660183
0.535957 0.0221343 0.37941 0.000727916
0.52133 0.0348321 0.367203 0.000735882
0.530272 0.0655451 0.373338 0.000818229
0.508846 0.0498615 0.41358 0.000821434
0.507657 0.0662087 0.395552 0.000867648
0.516696 0.0491898 0.421793 0.00101353
0.505606 0.0628583 0.373308 0.00115358
0.506021 0.0172519 0.386231 0.00119461
0.555861 0.0540597 0.409108 0.00122754
0.528726 0.0278108 0.424654 0.00133402
0.50077 0.0702577 0.399267 0.00141469
0.498801 0.0224626 0.376074 0.00151616
0.495281 0.0536373 0.413807 0.00156211
0.380003 0.127988 0.228192 0.000148753
0.372459 0.125795 0.220712 0.000158203
0.381521 0.148301 0.213093 0.000307842
0.370256 0.13793 0.206512 0.000317379
0.399058 0.139347 0.213658 0.000329931
0.369541 0.114762 0.215367 0.0004582
0.36352 0.138577 0.223913 0.000487861
0.357437 0.134561 0.218713 0.000674244
0.390022 0.105701 0.218294 0.000701843
0.377326 0.112893 0.23554 0.000719199
0.37338 0.14209 0.239903 0.000743684
0.387357 0.157256 0.209417 0.000750179
0.40022 0.116216 0.234961 0.000845692
0.376627 0.107661 0.200496 0.000865852
0.356257 0.118906 0.204949 0.00101572
0.356485 0.137992 0.199623 0.00105222
0.382958 0.135936 0.249594 0.00109371
0.375424 0.114962 0.245853 0.00116488
0.38836 0.0981233 0.224305 0.00117954
0.37114 0.111954 0.243287 0.00121393
0.24917 0.784693 0.678134 2.67584e-05
0.249613 0.773076 0.689633 0.000235595
0.23721 0.76621 0.690912 0.000487851
0.264856 0.782405 0.690871 0.00055352
0.260934 0.801595 0.668497 0.000724988
0.232659 0.75806 0.685966 0.00077827
0.236545 0.80141 0.693609 0.000795893
0.222749 0.77051 0.664309 0.000804974
0.227227 0.801507 0.681666 0.000805925
0.24588 0.807662 0.666234 0.000835043
0.23967 0.78999 0.706767 0.00101983
0.221526 0.766392 0.691818 0.00103145
0.265849 0.773551 0.652434 0.00104161
0.260584 0.751969 0.673519 0.00105349
0.277347 0.787895 0.683803 0.00107968
0.269519 0.76071 0.688852 0.00109885
0.24103 0.810607 0.691342 0.00112402
0.249211 0.767448 0.709435 0.00124954
0.223437 0.804113 0.662224 0.00126851
0.275438 0.792127 0.660224 0.00127009
0.559604 0.0972936 0.314787 0.000174324
0.54837 0.0941896 0.317803 0.000226577
0.544929 0.121563 0.310708 0.000352094
0.539447 0.110203 0.307002 0.000384563
0.566285 0.112219 0.336219 0.000432281
0.538739 0.121134 0.326824 0.000449402
0.545485 0.0894266 0.313412 0.000460115
0.553034 0.107547 0.346541 0.000703385
0.54256 0.132256 0.319544 0.000718043
0.544461 0.130706 0.306814 0.000780255
0.579619 0.0975751 0.326943 0.000816158
0.558639 0.0861308 0.341262 0.000950746
0.564766 0.130579 0.30111 0.000985627
0.5451 0.0804667 0.306196 0.00102754
0.566798 0.0792949 0.328837 0.00106682
0.5349 0.116069 0.346574 0.0011315
0.544209 0.132995 0.299277 0.00115044
0.54583 0.0919231 0.291227 0.00115407
0.543714 0.126764 0.347961 0.00123625
0.549032 0.140779 0.333718 0.00128576
0.678876 0.262951 0.348548 0.000144587
0.683162 0.262675 0.343479 0.000173109
0.672459 0.255357 0.322333 0.000364979
0.678337 0.271404 0.330342 0.00039173
0.652202 0.257359 0.346892 0.000416034
0.664206 0.264162 0.323011 0.000457339
0.678908 0.238928 0.330969 0.000462253
0.661077 0.24112 0.354565 0.000520318
0.650612 0.259463 0.333002 0.000530077
0.65315 0.270061 0.345285 0.000551907
0.671105 0.280663 0.337403 0.00060812
0.67264 0.263297 0.365271 0.000618834
0.689448 0.238109 0.338652 0.000650674
0.658592 0.241053 0.323823 0.000717649
0.649404 0.262345 0.354964 0.000722484
0.661042 0.280392 0.351146 0.000789633
0.650077 0.268188 0.327302 0.000811926
0.688616 0.234795 0.349697 0.000815115
0.64907 0.274783 0.338183 0.000868057
0.698941 0.245043 0.347158 0.000896332
0.45204 0.824863 0.357599 7.81294e-05
0.463916 0.823179 0.369362 0.000193893
0.465542 0.821439 0.350695 0.000330575
0.468792 0.82272 0.348549 0.000434417
0.444248 0.827857 0.344168 0.00046248
0.471885 0.83132 0.345411 0.00054075
0.477916 0.838494 0.362485 0.000544505
0.438476 0.836614 0.377096 0.000545907
0.438579 0.814448 0.362501 0.000585615
0.431553 0.83458 0.366575 0.000608663
0.450244 0.856024 0.362276 0.000624388
0.477675 0.842786 0.348902 0.000783277
0.426541 0.830548 0.364851 0.000854784
0.430549 0.847318 0.352815 0.00095976
0.44299 0.830917 0.390703 0.000982296
0.476592 0.815439 0.344483 0.00100953
0.462511 0.812436 0.336646 0.00105985
0.486268 0.844126 0.360931 0.00109679
0.450005 0.798336 0.360267 0.00114269
0.440123 0.800783 0.364301 0.00119648
0.256035 0.59389 0.876404 0.000201422
0.238825 0.607691 0.865774 0.000525886
0.240256 0.614138 0.871373 0.000668143
0.261068 0.570594 0.886916 0.000754649
0.214832 0.584781 0.873435 0.000843535
0.267637 0.5904 0.895314 0.000868471
0.269923 0.577639 0.878063 0.000882579
0.241669 0.572949 0.85396 0.000931831
0.263117 0.57551 0.897722 0.000948052
0.248727 0.578337 0.907442 0.000948374
0.268903 0.586632 0.898196 0.00104171
0.266098 0.568774 0.869273 0.00108409
0.261371 0.57843 0.904728 0.001111
0.220446 0.579972 0.856 0.00114493
0.256187 0.610996 0.856731 0.00114751
0.214628 0.592332 0.860259 0.00116942
0.22461 0.578471 0.851447 0.0012417
0.26399 0.608195 0.901625 0.00128191
0.221007 0.573976 0.903087 0.00128234
0.235514 0.55519 0.871985 0.00130093
0.315322 0.416575 0.0211216 6.88641e-05
0.31816 0.41863 0.0103421 0.000120211
0.338041 0.413342 0.0101643 0.000313602
0.338448 0.403262 0.0118426 0.000401006
0.329575 0.400258 0.00499459 0.000410649
0.333014 0.406718 0.0365681 0.00046622
0.328283 0.399237 0.00185774 0.000518692
0.337556 0.429355 0.0105268 0.000550101
0.30691 0.392547 0.0114289 0.000732287
0.319128 0.425909 0.0430555 0.000757248
0.32154 0.438222 0.00559702 0.000797015
0.296226 0.419361 0.0287897 0.000831316
0.326124 0.382764 0.0216068 0.000953202
0.335472 0.437245 0.037318 0.00107999
0.343389 0.439728 0.0176775 0.00113133
0.322297 0.444755 0.031527 0.00114985
0.353381 0.427228 0.0277101 0.00121971
0.290943 0.426714 0.0268124 0.00124553
0.327079 0.448463 0.0156969 0.00126554
0.310166 0.378295 0.0286176 0.0014764
0.266092 0.522223 0.55142 0.000260974
0.233835 0.524653 0.550988 0.000311934
0.235754 0.51381 0.541261 0.000382808
0.269139 0.513366 0.54424 0.000471438
0.25061 0.510902 0.529738 0.00048088
0.262774 0.544715 0.543347 0.000540791
0.253274 0.515005 0.525626 0.000543035
0.268196 0.53074 0.562033 0.000570775
0.244601 0.518809 0.523302 0.00061901
0.247261 0.50472 0.562342 0.000672138
0.259846 0.52172 0.570696 0.00067237
0.273376 0.51155 0.555224 0.000758695
0.266757 0.535462 0.56789 0.000815523
0.231108 0.540737 0.53051 0.000899508
0.274223 0.508535 0.556002 0.000901495
0.257382 0.518293 0.516911 0.000965425
0.249126 0.557698 0.541892 0.00109672
0.220008 0.512643 0.547533 0.00110886
0.257654 0.535456 0.578305 0.00116281
0.221139 0.542525 0.553938 0.00125038
0.116706 0.272214 0.747932 0.000165087
0.118277 0.251915 0.732697 0.000213487
0.100807 0.272086 0.733682 0.000241005
0.0975117 0.264404 0.742175 0.000293731
0.127399 0.273939 0.728837 0.000336439
0.0987086 0.272883 0.746449 0.000374525
0.11451 0.277101 0.758847 0.00059623
0.136189 0.251977 0.736941 0.000660773
0.137296 0.270434 0.725804 0.000711194
0.118791 0.264445 0.710885 0.000739281
0.137718 0.278631 0.739802 0.000751767
0.118837 0.243194 0.755293 0.000809444
0.138898 0.249332 0.741623 0.000879278
0.133496 0.288006 0.740844 0.000918811
0.0860947 0.278196 0.738407 0.000955468
0.103947 0.234646 0.738502 0.00102317
0.10809 0.27573 0.767689 0.00105303
0.103722 0.237825 0.752409 0.00106206
0.144012 0.252945 0.730858 0.00109002
0.0986275 0.281492 0.761856 0.00109559
0.32698 0.561787 0.0790617 1.49259e-05
0.336252 0.551202 0.0723017 0.000183305
0.311895 0.55523 0.0814401 0.000225411
0.335908 0.563058 0.0916631 0.000321714
0.330994 0.555043 0.0601774 0.000334259
0.335695 0.570237 0.0665389 0.000352388
0.327502 0.53868 0.0796688 0.000396646
0.324676 0.575987 0.0673467 0.000412476
0.326743 0.566582 0.0969973 0.000449638
0.304754 0.557743 0.077286 0.000452379
0.318001 0.574757 0.0935771 0.000591568
0.349096 0.549673 0.0752264 0.000614187
0.344028 0.579268 0.0775775 0.000759386
0.324098 0.543154 0.0537812 0.000796425
0.328403 0.58695 0.0806517 0.000830246
0.349709 0.56227 0.0953607 0.000897475
0.319975 0.566604 0.109043 0.00110209
0.332284 0.536694 0.101767 0.00110283
0.322877 0.571275 0.108336 0.00112964
0.357142 0.570637 0.0821955 0.00114105
0.249869 0.0970102 0.790041 0.000244453
0.257771 0.0914504 0.77521 0.000339927
0.220572 0.0890415 0.783792 0.000402461
0.258763 0.0941361 0.789853 0.000449167
0.232469 0.0731457 0.795895 0.000534864
0.258858 0.0851353 0.764661 0.000612703
0.251172 0.0622134 0.786905 0.000856864
0.237614 0.0987512 0.751751 0.000949568
0.236727 0.0597521 0.770848 0.000951274
0.210944 0.0791142 0.777018 0.000974079
0.26253 0.0754692 0.802027 0.00111793
0.209657 0.0988829 0.771774 0.00112895
0.261577 0.0942155 0.806274 0.0011297
0.217601 0.0691024 0.796029 0.00113819
0.224366 0.0769429 0.752419 0.00119904
0.268343 0.104975 0.767042 0.00123287
0.213112 0.0805443 0.759546 0.00126152
0.22933 0.117462 0.761656 0.00131302
0.248377 0.0955502 0.816002 0.00135236
0.273855 0.101865 0.76831 0.00144679
0.46674 0.632878 0.0710382 1.82385e-05
0.483052 0.638181 0.0622968 0.000238747
0.474686 0.639415 0.0546453 0.000305061
0.480499 0.64515 0.0811718 0.000346712
0.475102 0.623517 0.0533523 0.000406224
0.479447 0.651521 0.0787607 0.000475138
0.463409 0.6123 0.0712465 0.000494465
0.467929 0.621116 0.0890345 0.00049734
0.488744 0.646751 0.0765999 0.000536332
0.46948 0.655562 0.063957 0.000545604
0.468089 0.654679 0.0606813 0.000566829
0.488217 0.616484 0.0656667 0.000600622
0.457329 0.612209 0.070915 0.00062679
0.456854 0.612826 0.0749261 0.000633552
0.496464 0.62584 0.0731839 0.00071117
0.463174 0.613449 0.087369 0.000734084
0.471933 0.632584 0.102572 0.00102741
0.470279 0.639095 0.103867 0.00114601
0.453054 0.60335 0.0768743 0.0012521
0.442171 0.611053 0.0732043 0.00132692
0.393518 0.844982 0.551336 0.00013931
0.390818 0.849979 0.556876 0.000149102
0.373107 0.84067 0.562919 0.000163564
0.379248 0.83312 0.567537 0.000219457
0.395696 0.831586 0.548538 0.000275245
0.382426 0.836621 0.535545 0.000406517
0.397851 0.834462 0.542351 0.000412702
0.402154 0.834454 0.56887 0.000570889
0.369831 0.828965 0.5732 0.00063446
0.372043 0.859229 0.569502 0.000684009
0.388665 0.81526 0.550255 0.000685954
0.386411 0.868838 0.551071 0.000835392
0.361741 0.838525 0.574606 0.000844137
0.354763 0.854484 0.56501 0.00111161
0.416975 0.84017 0.558622 0.00113863
0.391768 0.8441 0.589462 0.00124909
0.404959 0.849936 0.528876 0.00125534
0.405713 0.83819 0.584655 0.00136327
0.398575 0.871186 0.56942 0.00137638
0.381052 0.810044 0.57876 0.00147672
0.0525689 0.978528 0.618543 1.40047e-05
0.0475932 0.978733 0.602413 0.000307691
0.0459778 0.982662 0.599135 0.000448424
0.057971 0.990995 0.598233 0.000499446
0.0788556 0.985006 0.629496 0.000695509
0.0833972 0.972546 0.609439 0.000913473
0.08203 0.966264 0.607767 0.0010122
0.0265257 0.987325 0.606712 0.00101227
0.0872809 0.983995 0.622719 0.00104043
0.0338467 0.978587 0.6432 0.00111487
0.0290509 0.958876 0.614213 0.00119231
0.0258008 0.984193 0.635209 0.00119654
0.0213624 0.984873 0.607783 0.00128936
0.043199 0.946923 0.618906 0.00129416
0.0376582 0.992365 0.647807 0.0013498
0.0259438 0.98821 0.63939 0.00139433
0.0556977 0.986327 0.58097 0.00139693
0.0547983 0.942269 0.621248 0.00148818
0.0914117 0.977804 0.633919 0.00155003
0.017029 0.9707 0.617616 0.00158427
0.626883 0.773563 0.782076 0.000194089
0.621158 0.760771 0.76809 0.000203781
0.608106 0.754115 0.764152 0.000467028
0.636735 0.774439 0.778741 0.000513241
0.601755 0.776328 0.793807 0.000535502
0.62325 0.741168 0.780233 0.000562839
0.611045 0.78602 0.772433 0.000597851
0.613182 0.787074 0.772588 0.000622652
0.607497 0.774956 0.758366 0.000733321
0.615059 0.74673 0.802544 0.000751639
0.625298 0.763136 0.808683 0.000822515
0.612685 0.792371 0.781373 0.00082332
0.637792 0.77408 0.798624 0.000842612
0.62611 0.743807 0.799997 0.000842792
0.602048 0.77921 0.802137 0.000883983
0.60659 0.735479 0.780619 0.000916828
0.634862 0.780712 0.800427 0.000971959
0.60573 0.748677 0.806245 0.000978827
0.618889 0.734995 0.769221 0.000990142
0.62266 0.73517 0.792667 0.000993132
0.0058297 0.473649 0.0330523 0.000287299
0.00811709 0.471177 0.00487799 0.000371356
0.00268356 0.477735 0.0352461 0.000454981
0.0295952 0.461032 0.0109837 0.000770934
0.00137989 0.486288 0.0364241 0.000840223
0.0307867 0.459518 0.0321235 0.000856429
0.02438 0.467413 0.0443964 0.000998274
0.00188392 0.429951 0.00547806 0.0012616
0.0387007 0.460062 0.0145869 0.00126659
0.0190536 0.487073 0.041027 0.00126951
0.0276693 0.493425 0.0270392 0.00160789
0.0401023 0.448299 0.00594642 0.00173302
0.000689642 0.504494 0.0219212 0.00183442
0.00417803 0.505937 0.0174194 0.00196364
0.0297376 0.425536 0.0240543 0.00199707
0.0284743 0.424182 0.0153169 0.00205826
0.0300819 0.496386 0.00330043 0.00220817
0.0392579 0.43659 0.0402843 0.00226162
0.00891174 0.420691 0.0445386 0.00226296
0.0439928 0.488285 0.0333921 0.0024715
0.992846 0.413149 0.215846 0.000227639
0.980205 0.404805 0.232554 0.000316081
0.995386 0.387362 0.237238 0.00035845
0.985336 0.418604 0.224049 0.000389299
0.983832 0.417521 0.218361 0.000443556
0.976569 0.410073 0.233779 0.000518591
0.992679 0.413855 0.246641 0.00057934
0.967325 0.401926 0.228575 0.000857832
0.980506 0.412242 0.249529 0.000914411
0.999064 0.424617 0.249972 0.00108354
0.995054 0.394714 0.193377 0.00111304
0.981472 0.392618 0.255166 0.00118316
0.972822 0.404702 0.250691 0.00118404
0.962595 0.396276 0.237985 0.00133414
0.962897 0.416074 0.230832 0.00133954
0.996971 0.376983 0.254388 0.00146391
0.978959 0.366687 0.228246 0.00158946
0.957754 0.394484 0.234324 0.00163506
0.959529 0.41394 0.212924 0.00166406
0.957038 0.40323 0.238013 0.00170523
0.926339 0.45491 0.514417 0.000197762
0.939784 0.446381 0.525787 0.000224947
0.922785 0.442398 0.541587 0.000262927
0.907592 0.457934 0.530512 0.000419329
0.933299 0.466491 0.526533 0.000423678
0.905158 0.441424 0.517963 0.000499083
0.923279 0.448131 0.503182 0.000542224
0.914152 0.433102 0.510332 0.000586777
0.948732 0.446797 0.532252 0.000604912
0.930396 0.458328 0.548403 0.000626885
0.916903 0.458016 0.548649 0.000663903
0.904098 0.435272 0.51551 0.000704733
0.942507 0.427863 0.510981 0.000943765
0.906646 0.47063 0.51692 0.000946735
0.905009 0.428423 0.511728 0.000981899
0.930329 0.418057 0.536513 0.00101175
0.941787 0.463559 0.548531 0.00102678
0.903724 0.424081 0.531713 0.00103349
0.921659 0.44995 0.558377 0.00103704
0.894566 0.437955 0.536189 0.00110857
0.957193 0.626696 0.342322 0.000129506
0.947106 0.615436 0.336363 0.000133746
0.949891 0.639939 0.348317 0.000282369
0.938648 0.63301 0.329057 0.000357052
0.946096 0.604782 0.350124 0.00041319
0.960584 0.632037 0.32942 0.000479101
0.955693 0.607111 0.354588 0.000493458
0.936906 0.622714 0.364984 0.000532245
0.948305 0.623835 0.367405 0.000555766
0.931901 0.642324 0.357725 0.000726108
0.93071 0.621042 0.321965 0.000732361
0.949532 0.62254 0.315417 0.000826235
0.950792 0.630892 0.372718 0.000895534
0.941304 0.614252 0.315146 0.000950169
0.934657 0.59538 0.340343 0.000973686
0.974027 0.627563 0.329573 0.000990968
0.920905 0.608786 0.354653 0.000991697
0.964687 0.649694 0.337717 0.00103257
0.921864 0.617677 0.365361 0.00109444
0.974812 0.618252 0.359504 0.0010949
0.812391 0.556387 0.187334 0.000242425
0.833129 0.561352 0.155909 0.000512521
0.81863 0.579165 0.18834 0.000536057
0.841823 0.552554 0.187838 0.000637194
0.842268 0.548435 0.161498 0.000765563
0.837812 0.576167 0.191264 0.000779936
0.801637 0.553283 0.194004 0.000791025
0.80234 0.536928 0.175996 0.000908163
0.832997 0.572131 0.200897 0.000934685
0.821468 0.589651 0.184259 0.000944136
0.801855 0.535537 0.174261 0.00099409
0.835902 0.540184 0.196925 0.00108607
0.80272 0.551926 0.201805 0.00112415
0.845171 0.536435 0.172986 0.00114024
0.79988 0.540169 0.193008 0.00118262
0.803175 0.542932 0.200423 0.00126705
0.801324 0.572937 0.146976 0.00135991
0.845673 0.549165 0.203194 0.00149655
0.853204 0.538705 0.169266 0.00151457
0.843886 0.575311 0.203992 0.00156045
0.0571068 0.811638 0.544656 0.000260168
0.0516364 0.812542 0.547824 0.000260765
0.0716217 0.82826 0.562512 0.000266064
0.0516567 0.81073 0.573223 0.000327335
0.0531939 0.799724 0.568062 0.00039675
0.0584054 0.824768 0.576536 0.000403817
0.0648298 0.831492 0.547162 0.000426528
0.0524299 0.794849 0.56433 0.000534459
0.0425503 0.821933 0.570566 0.000571524
0.0843931 0.803599 0.556495 0.00061633
0.0496169 0.789874 0.558373 0.000802384
0.0491002 0.815089 0.534285 0.00081441
0.0526843 0.82652 0.584683 0.000866056
0.0793929 0.839944 0.563369 0.000918549
0.0354938 0.812603 0.574699 0.000971283
0.0323137 0.812722 0.549944 0.00101071
0.0405492 0.829457 0.54114 0.0010274
0.0692806 0.823468 0.589989 0.00104886
0.0429845 0.801552 0.535008 0.00116269
0.0299148 0.809622 0.571452 0.0012394
0.450544 0.959695 0.46846 0.000121716
0.450445 0.966099 0.457121 0.000154745
0.448745 0.967628 0.479664 0.000196948
0.471366 0.965639 0.459241 0.000320965
0.465438 0.958101 0.45608 0.000349427
0.45882 0.984787 0.455427 0.000402092
0.436418 0.976245 0.470688 0.000442314
0.444951 0.976283 0.450827 0.000459864
0.453813 0.951401 0.455264 0.000479835
0.453973 0.991301 0.474309 0.00053356
0.436255 0.976571 0.477688 0.000543126
0.450313 0.9734 0.49137 0.000606474
0.454295 0.979736 0.445218 0.000622282
0.463619 0.969702 0.443825 0.000631629
0.471199 0.973568 0.487836 0.000650887
0.429967 0.975062 0.46715 0.000713798
0.460477 0.946637 0.482461 0.000746133
0.44391 0.983246 0.447416 0.000757887
0.44436 0.994516 0.468075 0.000775232
0.444492 0.9936 0.455351 0.00088117
0.037967 0.387848 0.881566 0.000112352
0.0374056 0.404957 0.868135 0.000147448
0.0269459 0.399386 0.886354 0.000348934
0.051708 0.397021 0.856443 0.000450242
0.0633869 0.39691 0.881151 0.000551444
0.030454 0.417278 0.88024 0.000623682
0.0465259 0.384727 0.899257 0.000750721
0.0475797 0.423288 0.882492 0.000890266
0.0274958 0.421635 0.867451 0.00092437
0.0610608 0.403554 0.898743 0.0010572
0.033231 0.372713 0.89721 0.00107923
0.0384667 0.381384 0.904499 0.00109247
0.0431303 0.40165 0.907068 0.00109858
0.0704763 0.381483 0.867725 0.0011137
0.0245306 0.404421 0.903067 0.00116033
0.00726757 0.392411 0.880954 0.00117894
0.0694985 0.373431 0.873804 0.00129726
0.0127785 0.416765 0.882672 0.00131598
0.0265726 0.376471 0.902362 0.00132932
0.0693786 0.415959 0.886845 0.00138811
0.684514 0.11816 0.329019 6.31427e-05
0.68054 0.126953 0.307105 0.000265166
0.6853 0.109549 0.310885 0.000268298
0.697572 0.130863 0.32383 0.000361603
0.666559 0.133957 0.330514 0.00046622
0.703333 0.123845 0.332886 0.000600356
0.6618 0.105126 0.31689 0.000662542
0.656804 0.114808 0.332794 0.000759823
0.708736 0.110591 0.319012 0.000855415
0.707172 0.127723 0.309552 0.000864868
0.68498 0.0956027 0.339793 0.000958749
0.701506 0.141518 0.31004 0.000975084
0.709872 0.130165 0.332167 0.000991803
0.668638 0.142946 0.341229 0.00101939
0.7058 0.119633 0.343245 0.00103589
0.67362 0.094327 0.339104 0.00105118
0.698446 0.14799 0.311977 0.00112875
0.657232 0.0956697 0.316149 0.001258
0.655109 0.100675 0.309392 0.0012658
0.701493 0.0951496 0.337593 0.00129614
0.835969 0.640404 0.857121 3.80013e-05
0.837722 0.654059 0.874083 0.000361375
0.834552 0.640289 0.840339 0.000372382
0.823123 0.645968 0.837153 0.000550383
0.808081 0.646184 0.856083 0.000563378
0.82923 0.620987 0.850104 0.000627556
0.815815 0.632155 0.874389 0.000632971
0.821099 0.648604 0.887686 0.000952227
0.850781 0.62122 0.867224 0.000969842
0.862756 0.643663 0.869735 0.00108909
0.854495 0.627023 0.842351 0.00110069
0.844664 0.668892 0.838149 0.00121036
0.866554 0.636848 0.862519 0.00129237
0.858998 0.664374 0.845117 0.00134782
0.801068 0.625372 0.86787 0.00136723
0.843317 0.611576 0.872888 0.00140228
0.84282 0.669642 0.884267 0.00140862
0.795769 0.632649 0.857503 0.00141909
0.795321 0.649519 0.849973 0.00142193
0.819623 0.673526 0.838088 0.00143333
0.563061 0.693796 0.461141 5.53726e-05
0.550685 0.677909 0.448557 0.000325716
0.548781 0.692874 0.440717 0.000346758
0.556115 0.687354 0.437914 0.000411319
0.539415 0.703278 0.455043 0.000424606
0.548658 0.671582 0.4589 0.000497658
0.53923 0.673002 0.460453 0.000687824
0.57197 0.706137 0.474148 0.000698458
0.556024 0.71902 0.453009 0.000732637
0.530637 0.68304 0.462685 0.000792156
0.58186 0.69242 0.443679 0.000825738
0.546683 0.686114 0.431178 0.000835323
0.563549 0.668187 0.472367 0.000849825
0.531664 0.678082 0.465672 0.000896049
0.538766 0.666887 0.461843 0.000988198
0.566632 0.722805 0.464321 0.00107198
0.561159 0.716242 0.433706 0.00115995
0.527121 0.709184 0.455264 0.00116366
0.548173 0.694066 0.490829 0.00118233
0.566933 0.707949 0.427313 0.00126315
0.31431 0.115607 0.480234 2.43443e-05
0.312505 0.10694 0.484342 0.000130278
0.315597 0.129012 0.478662 0.000162308
0.321295 0.135618 0.479994 0.000364327
0.311914 0.113252 0.502905 0.000396546
0.325783 0.132564 0.494133 0.000408885
0.308459 0.13701 0.488018 0.000463681
0.326385 0.0974014 0.48805 0.000514016
0.312369 0.09801 0.498129 0.000598039
0.322931 0.134538 0.500974 0.000613265
0.312138 0.136646 0.467935 0.000646805
0.296236 0.109822 0.468463 0.000723676
0.318539 0.091943 0.471597 0.000813555
0.325913 0.14015 0.468264 0.000845269
0.317507 0.138054 0.504765 0.000850101
0.311822 0.087836 0.484409 0.000906286
0.292767 0.136104 0.485949 0.000923503
0.296447 0.136055 0.469736 0.000960602
0.294439 0.0953061 0.481301 0.00099937
0.288204 0.102708 0.479886 0.00105202
0.45401 0.108989 0.55088 0.000269079
0.456232 0.132787 0.534669 0.000450104
0.426883 0.109245 0.547329 0.000472006
0.458754 0.0962666 0.530143 0.000569086
0.459771 0.107538 0.55655 0.000595641
0.429732 0.0982816 0.529085 0.000601332
0.444696 0.128979 0.559733 0.000681888
0.45901 0.133766 0.551511 0.000726894
0.467565 0.102658 0.526848 0.00074455
0.451153 0.0945343 0.519307 0.000781164
0.419642 0.111155 0.526473 0.000822515
0.429132 0.131684 0.516328 0.0010307
0.459412 0.143073 0.546372 0.00106673
0.450528 0.147513 0.538588 0.0011032
0.470973 0.0930604 0.53965 0.00110803
0.466702 0.118476 0.56355 0.00111239
0.434986 0.136436 0.514499 0.0011377
0.439974 0.101143 0.568565 0.00115451
0.463516 0.0891855 0.554505 0.00124117
0.419575 0.127991 0.516503 0.00131918
0.361543 0.899794 0.875027 0.000109717
0.36696 0.884895 0.887523 0.000223362
0.386596 0.902926 0.878371 0.000327598
0.382675 0.880823 0.879638 0.000348736
0.388135 0.886521 0.879408 0.000383916
0.35076 0.888586 0.876853 0.000428584
0.382707 0.877137 0.880612 0.000472033
0.363864 0.909778 0.859943 0.000556734
0.381468 0.915403 0.873352 0.000559204
0.36993 0.879085 0.855787 0.000688909
0.386646 0.898513 0.85435 0.000780359
0.379229 0.88837 0.849761 0.000850089
0.356521 0.920594 0.871511 0.00089359
0.349447 0.901166 0.897173 0.000898794
0.343185 0.887869 0.890131 0.000971125
0.356765 0.89273 0.848293 0.00100912
0.379562 0.869573 0.898888 0.00120009
0.383688 0.920713 0.896376 0.00122933
0.349972 0.90522 0.904015 0.00127046
0.353722 0.908362 0.848235 0.00128725
0.020378 0.0635617 0.83618 0.000155201
0.0127407 0.0731664 0.833021 0.000172692
0.00503674 0.0556716 0.851825 0.00028768
0.014225 0.0510692 0.843882 0.000314247
0.0117948 0.0635772 0.865561 0.000438629
0.0177204 0.0480424 0.849152 0.000458376
0.0193327 0.0744913 0.825509 0.000458512
0.0124192 0.0676848 0.867194 0.000479874
0.0289687 0.0592598 0.864174 0.000676622
0.00913603 0.0965503 0.83943 0.000830113
0.029426 0.0761412 0.870272 0.000922832
0.0294014 0.0940053 0.855664 0.000991384
0.0129804 0.0875785 0.87144 0.00103653
0.0158161 0.0393856 0.832089 0.00104126
0.044788 0.0772093 0.835004 0.00114455
0.0462689 0.077992 0.855953 0.001258
0.00556315 0.0327146 0.844393 0.00136432
0.0287526 0.0930858 0.820732 0.00142557
0.0276577 0.102789 0.831455 0.00154767
0.00793006 0.107655 0.850798 0.00157845
0.516645 0.667363 0.690732 0.000147355
0.50482 0.664736 0.686059 0.000149148
0.511221 0.687919 0.686634 0.000171427
0.518131 0.66972 0.696643 0.000181974
0.503912 0.690778 0.684569 0.000273251
0.525896 0.684606 0.690737 0.00040161
0.502447 0.682207 0.709085 0.00042568
0.495366 0.66481 0.702867 0.000436775
0.520374 0.673281 0.70702 0.000442602
0.506823 0.660371 0.705225 0.000462665
0.4901 0.682725 0.680148 0.000467645
0.515189 0.684673 0.708833 0.000477123
0.512078 0.655302 0.698219 0.000500136
0.525072 0.668868 0.677169 0.000513565
0.491118 0.679088 0.705123 0.000513978
0.519361 0.678197 0.709898 0.000522739
0.495493 0.68813 0.709358 0.000671612
0.48716 0.690277 0.701723 0.000772272
0.502927 0.693557 0.669 0.000792681
0.498163 0.651677 0.703817 0.000859876
0.0334935 0.224281 0.389797 0.000275974
0.0368916 0.213885 0.368182 0.000399945
0.0170867 0.204984 0.383956 0.000415132
0.0165526 0.201832 0.401128 0.000644873
0.0545287 0.195096 0.372498 0.000703008
0.0533694 0.189955 0.399927 0.000761903
0.012807 0.19485 0.385433 0.000763354
0.0359873 0.218366 0.413496 0.000787235
0.0178618 0.217194 0.406398 0.000806272
0.0223958 0.187886 0.403971 0.000899808
0.0171307 0.209853 0.362918 0.000991453
0.0574452 0.232336 0.38478 0.00101027
0.0474417 0.198436 0.358986 0.00101128
0.0530344 0.191587 0.409596 0.00103061
0.0518837 0.183455 0.371152 0.00109943
0.0181062 0.210072 0.414653 0.00110225
0.043366 0.233829 0.408289 0.00113613
0.0298335 0.183552 0.365079 0.00115447
0.00329658 0.205574 0.377887 0.00122685
0.063676 0.215503 0.409567 0.00126261
0.323669 0.524135 0.799384 0.000172952
0.339044 0.521854 0.800722 0.000368255
0.331079 0.528833 0.798414 0.000377928
0.342148 0.506893 0.794994 0.000543654
0.334175 0.514182 0.829077 0.000628511
0.297583 0.510252 0.806297 0.000653735
0.322136 0.530006 0.826097 0.000660411
0.313835 0.500593 0.828486 0.000718727
0.303035 0.494782 0.809329 0.000744273
0.348826 0.50937 0.79843 0.000750713
0.295528 0.509433 0.799521 0.000818799
0.340932 0.510216 0.831631 0.000954516
0.342624 0.494593 0.791387 0.000965977
0.323058 0.520007 0.77563 0.00100957
0.290927 0.521301 0.803668 0.00110173
0.336748 0.487976 0.827119 0.00124446
0.350081 0.509731 0.831307 0.00135381
0.307858 0.54726 0.8076 0.00138905
0.324407 0.507052 0.768717 0.00148015
0.289174 0.499902 0.821695 0.00154552
0.792805 0.99135 0.830158 3.39586e-05
0.775588 0.993143 0.82065 0.000391838
0.816875 0.998334 0.810217 0.000805212
0.783724 0.998699 0.853746 0.000829928
0.819193 0.999009 0.810408 0.000913313
0.798486 0.985839 0.795551 0.001113
0.774907 0.968594 0.835845 0.00120186
0.764863 0.977393 0.82089 0.00124141
0.812062 0.984677 0.855329 0.00125474
0.81986 0.968599 0.8215 0.0014483
0.770139 0.989279 0.855816 0.00145088
0.823073 0.975416 0.844296 0.00156488
0.830684 0.981318 0.831056 0.00157205
0.804922 0.967637 0.800883 0.00160768
0.786023 0.967528 0.798795 0.00167574
0.812008 0.973436 0.79749 0.00170376
0.789811 0.982511 0.866554 0.00176675
0.7823 0.985948 0.787701 0.00178642
0.796782 0.980058 0.867012 0.00186443
0.772423 0.996855 0.789388 0.00188558
0.265279 0.231504 0.813556 0.000374981
0.256787 0.228794 0.774637 0.000539037
0.286534 0.226742 0.804846 0.000620464
0.277629 0.211881 0.803497 0.000803969
0.289299 0.243655 0.780157 0.00082334
0.277635 0.246163 0.818937 0.000826516
0.274145 0.246371 0.8208 0.000853728
0.279255 0.261913 0.800864 0.000884803
0.279565 0.234358 0.821073 0.000885886
0.23959 0.24438 0.807591 0.000918945
0.258349 0.245239 0.766589 0.000931812
0.295141 0.240144 0.803938 0.000962901
0.245346 0.245307 0.772816 0.000983257
0.282469 0.210871 0.804259 0.00100601
0.266109 0.204447 0.789646 0.00102871
0.294944 0.251358 0.798965 0.00110097
0.25423 0.208443 0.779179 0.00114137
0.269158 0.264022 0.815007 0.00120072
0.286852 0.263807 0.791443 0.00122227
0.294215 0.215256 0.787725 0.00129307
0.231437 0.252176 0.175394 0.00011533
0.227856 0.274128 0.175344 0.000226652
0.234423 0.254228 0.198664 0.000348829
0.2313 0.265437 0.201375 0.000409874
0.237944 0.279398 0.190123 0.000489782
0.210178 0.255788 0.170105 0.000540428
0.210829 0.266982 0.16873 0.000566118
0.232704 0.282635 0.173143 0.000567405
0.25065 0.249532 0.178887 0.00057096
0.242274 0.237397 0.184863 0.000708046
0.252187 0.269686 0.194723 0.000755687
0.257218 0.261458 0.18312 0.000760206
0.238329 0.286566 0.170516 0.000873573
0.241515 0.232268 0.179915 0.000948154
0.215612 0.282984 0.164853 0.000983838
0.219325 0.230264 0.190937 0.00111403
0.198272 0.271076 0.187117 0.00112468
0.199914 0.251264 0.194733 0.00114252
0.219697 0.272224 0.150846 0.00119056
0.25835 0.244068 0.191889 0.00119823
0.892885 0.719873 0.24428 0.000295735
0.904176 0.731524 0.243022 0.0005429
0.909896 0.692614 0.229277 0.000560382
0.900307 0.695174 0.265151 0.000561322
0.927868 0.701738 0.240498 0.000574056
0.92094 0.726298 0.259124 0.000715721
0.921334 0.729933 0.25688 0.000818004
0.932478 0.704515 0.235146 0.000861287
0.912254 0.690889 0.222989 0.000897488
0.883145 0.732464 0.244123 0.00108441
0.901589 0.683352 0.224482 0.00112472
0.936974 0.71881 0.237889 0.00115969
0.885428 0.704281 0.218581 0.0011941
0.921647 0.717687 0.27589 0.00121668
0.877587 0.688939 0.23874 0.001226
0.898244 0.674335 0.244148 0.00122642
0.922629 0.684442 0.26577 0.00124709
0.894163 0.741555 0.240544 0.0012571
0.918506 0.699219 0.214263 0.00127837
0.916109 0.710818 0.212091 0.00128544
0.299837 0.0265867 0.388541 0.000256046
0.29747 0.0322875 0.403067 0.000336783
0.304268 0.0121819 0.389315 0.000358158
0.319504 0.00972489 0.388629 0.000390634
0.299675 0.0129206 0.398724 0.000398879
0.328702 0.0416729 0.399556 0.000451052
0.334356 0.0327823 0.389318 0.000510725
0.329042 0.00811599 0.39157 0.000612161
0.309007 0.0365715 0.372091 0.000709588
0.305699 0.0288841 0.370261 0.000755211
0.336648 0.0108516 0.396508 0.000783484
0.33656 0.0182318 0.412417 0.000850987
0.33321 0.00811095 0.381646 0.000953038
0.281606 0.0301495 0.392053 0.00106205
0.305225 0.00642414 0.424593 0.00128373
0.323361 0.0365591 0.362012 0.00137267
0.286387 0.0322227 0.422006 0.00142809
0.325691 0.0578115 0.417222 0.00152762
0.308411 0.0629098 0.415279 0.00167702
0.297224 0.00710545 0.364646 0.00167807
0.343489 0.810665 0.00471873 6.41284e-05
0.337788 0.824175 0.00845978 0.000184843
0.340541 0.816786 0.0162829 0.000282283
0.331177 0.824735 0.0120653 0.000416473
0.335123 0.825068 0.0165968 0.000446939
0.325974 0.823648 0.013322 0.000612713
0.323527 0.812529 0.014862 0.000732872
0.328841 0.808823 0.0207311 0.000773178
0.34785 0.795494 0.0227092 0.000961011
0.343435 0.787431 0.0122438 0.00101681
0.319237 0.795405 0.00206696 0.00118088
0.371784 0.821668 0.0289647 0.00150523
0.339898 0.855319 0.00501305 0.00153264
0.320995 0.846485 0.0114833 0.00162115
0.348141 0.786519 0.0295624 0.0017803
0.342343 0.831655 0.0398484 0.0017875
0.38666 0.817221 0.0222714 0.00213414
0.371498 0.802869 0.0372832 0.00221019
0.362774 0.772096 0.000750508 0.00229171
0.378665 0.840128 0.0277492 0.00235568
0.766963 0.81506 0.213744 0.000250574
0.764502 0.825115 0.223701 0.000486193
0.77026 0.842343 0.187384 0.000499921
0.790879 0.816488 0.198946 0.000628432
0.782139 0.847615 0.211609 0.000791699
0.769935 0.830996 0.173166 0.000859883
0.73736 0.834729 0.199687 0.00100897
0.765146 0.819651 0.170148 0.00104815
0.764617 0.858616 0.200317 0.0011071
0.775958 0.793298 0.205093 0.00111718
0.79873 0.828909 0.216978 0.00120335
0.788009 0.844329 0.18005 0.00124376
0.772238 0.789723 0.208836 0.00135061
0.798789 0.844887 0.205809 0.00135812
0.732804 0.837723 0.203245 0.00136707
0.775322 0.804167 0.171958 0.00141005
0.785099 0.835014 0.234398 0.00145056
0.798223 0.833148 0.223341 0.0014513
0.799916 0.811247 0.218237 0.00151025
0.799489 0.848736 0.197103 0.00157354
0.831122 0.606393 0.897802 5.00943e-05
0.836259 0.616583 0.906142 0.000123584
0.825713 0.619575 0.915025 0.00025427
0.819474 0.601414 0.918474 0.000339809
0.823499 0.58985 0.901641 0.00037739
0.843012 0.622565 0.896833 0.000454013
0.819665 0.627444 0.900658 0.000471679
0.808128 0.620642 0.90177 0.000601331
0.839275 0.587593 0.914249 0.000627734
0.841282 0.588216 0.889194 0.000778158
0.853734 0.594566 0.907999 0.000805875
0.851119 0.589784 0.899839 0.000844525
0.802198 0.616484 0.914739 0.000901468
0.834204 0.580301 0.914499 0.000909954
0.83902 0.593866 0.878816 0.000955866
0.835629 0.608369 0.873805 0.000974437
0.79706 0.611361 0.905572 0.00103975
0.80588 0.631336 0.902389 0.00107752
0.838455 0.580225 0.919393 0.00109881
0.816665 0.578454 0.892674 0.00117893
0.767704 0.26101 0.0111909 0.000104378
0.768396 0.265022 0.0226466 0.000105434
0.76959 0.270095 0.0246014 0.000151533
0.750491 0.259451 0.00184241 0.000381175
0.776208 0.275081 0.0036979 0.000408122
0.780447 0.274705 0.0208537 0.000432438
0.74994 0.285629 0.0260313 0.000559061
0.780086 0.278039 0.0263817 0.000564588
0.778679 0.249306 0.0217537 0.000677214
0.754102 0.292304 0.00701658 0.000724974
0.743278 0.264689 0.036977 0.000801846
0.758518 0.257583 0.0423813 0.000834181
0.782918 0.290894 0.0192687 0.00100095
0.731495 0.258991 0.0311968 0.00122549
0.781333 0.297073 0.018669 0.00125416
0.763471 0.234418 0.0289674 0.0013029
0.778013 0.280562 0.0458991 0.00135278
0.733392 0.252948 0.034133 0.00135947
0.753268 0.232678 0.0231066 0.00136412
0.765784 0.304599 0.021062 0.00139686
0.0355043 0.459889 0.94297 6.89827e-05
0.0516943 0.474844 0.94274 0.000205805
0.0389992 0.451922 0.945722 0.000230637
0.0416341 0.450284 0.944493 0.000282502
0.0514888 0.456341 0.950196 0.000291186
0.0380303 0.47222 0.960227 0.000298971
0.0276055 0.462933 0.931812 0.000308569
0.025356 0.455592 0.946861 0.000345865
0.0166982 0.475438 0.94764 0.000617515
0.0155153 0.458646 0.943591 0.000656785
0.0284803 0.442299 0.93887 0.000760545
0.027275 0.441142 0.936454 0.000877496
0.0154974 0.449402 0.949478 0.000928771
0.0304197 0.444448 0.92537 0.000935691
0.0515852 0.497422 0.944168 0.0010673
0.0297975 0.443197 0.966458 0.00117588
0.0368504 0.433778 0.953455 0.00120272
0.059405 0.44449 0.926172 0.00120399
0.0425826 0.493328 0.921434 0.00120472
0.0658489 0.449246 0.958519 0.00121075
0.424902 0.35915 0.305144 0.000241767
0.424664 0.363144 0.301259 0.000275119
0.410095 0.34499 0.293749 0.000476877
0.398414 0.347908 0.321839 0.000486029
0.430811 0.37068 0.309975 0.000532986
0.388537 0.35989 0.320648 0.000604713
0.417074 0.383748 0.301046 0.000617071
0.416405 0.384515 0.31818 0.000683797
0.434105 0.368385 0.317516 0.000723775
0.398295 0.383885 0.318275 0.000746721
0.417855 0.377053 0.285337 0.000849981
0.426314 0.386303 0.308739 0.000903776
0.425865 0.376353 0.287099 0.000942567
0.400784 0.390163 0.301802 0.000967059
0.434073 0.360648 0.327955 0.000969091
0.418327 0.332227 0.297115 0.00103705
0.383624 0.358258 0.287311 0.00114136
0.4282 0.38767 0.319186 0.00115582
0.424576 0.334508 0.324182 0.00117581
0.379903 0.357284 0.291553 0.00119573
0.353163 0.833244 0.578861 0.000233029
0.358383 0.809507 0.565452 0.000269722
0.345225 0.800074 0.579773 0.000381801
0.369831 0.828965 0.5732 0.000433943
0.356297 0.817462 0.599689 0.000464643
0.361741 0.838525 0.574606 0.000514232
0.355744 0.821182 0.601077 0.000532144
0.335553 0.82312 0.5933 0.000549378
0.331513 0.824818 0.587201 0.000581784
0.351693 0.832647 0.600707 0.00071362
0.34935 0.821653 0.606321 0.000805239
0.381052 0.810044 0.57876 0.000855176
0.381072 0.806583 0.578655 0.000923229
0.354563 0.801273 0.551213 0.00102164
0.343597 0.788348 0.586883 0.00103702
0.379248 0.83312 0.567537 0.00104086
0.354852 0.798906 0.551104 0.00111335
0.340754 0.848721 0.570632 0.00115278
0.373107 0.84067 0.562919 0.00116232
0.322835 0.830684 0.590949 0.00122298
0.929511 0.190564 0.911361 0.000119229
0.946493 0.178971 0.905797 0.000218859
0.93684 0.162659 0.902764 0.000423178
0.915945 0.187351 0.92196 0.000441542
0.916401 0.166717 0.90838 0.000494508
0.92949 0.199749 0.9267 0.000589102
0.939474 0.205767 0.909048 0.000690907
0.916923 0.160305 0.902013 0.000787485
0.930963 0.153973 0.92346 0.000825321
0.950438 0.203151 0.903801 0.00088265
0.951185 0.164881 0.931958 0.000935111
0.925314 0.149195 0.91496 0.00104701
0.965983 0.167822 0.907204 0.00124876
0.936582 0.145658 0.905676 0.00126633
0.919299 0.185147 0.944894 0.0012682
0.906316 0.194244 0.931436 0.0012818
0.938756 0.185842 0.876676 0.00134392
0.924376 0.214768 0.90317 0.00134832
0.937371 0.178033 0.875893 0.00136431
0.911256 0.15136 0.9043 0.00140358
0.253293 0.784175 0.367462 0.000437227
0.253677 0.791066 0.352954 0.000524682
0.221653 0.767556 0.34167 0.000547811
0.224859 0.779875 0.335065 0.000656052
0.249754 0.773938 0.381181 0.00073916
0.246134 0.783472 0.382782 0.000796004
0.227229 0.757565 0.378122 0.000869381
0.256935 0.795634 0.347648 0.000876402
0.206909 0.777127 0.351387 0.000949073
0.230461 0.762946 0.329905 0.000952819
0.269058 0.781989 0.356254 0.00105807
0.241087 0.807661 0.365455 0.00110016
0.210657 0.780441 0.382387 0.00135896
0.217419 0.748003 0.341861 0.00139521
0.247926 0.740441 0.364194 0.00141512
0.263218 0.784852 0.383321 0.00144619
0.247398 0.788449 0.322484 0.00146855
0.262944 0.760773 0.33278 0.00148617
0.267271 0.766053 0.335008 0.00149383
0.23034 0.810288 0.338221 0.00159552
0.623456 0.938034 0.161772 0.000167503
0.619718 0.960097 0.164874 0.000450821
0.621703 0.927375 0.162492 0.000470818
0.649827 0.963662 0.159989 0.000591954
0.631604 0.926971 0.178995 0.000619285
0.609191 0.949385 0.1652 0.000663073
0.617991 0.950688 0.142139 0.000697291
0.614664 0.963751 0.164433 0.000745913
0.651533 0.965112 0.173117 0.000821981
0.607179 0.954597 0.165528 0.000843629
0.61815 0.951118 0.134945 0.00103546
0.625688 0.931757 0.190079 0.00103584
0.651804 0.948695 0.189409 0.00106607
0.648298 0.975852 0.163399 0.00114841
0.654251 0.943156 0.134427 0.00116191
0.646563 0.912567 0.162505 0.00120008
0.611024 0.948625 0.188795 0.00127326
0.628618 0.923375 0.190983 0.00133713
0.652967 0.944747 0.128792 0.00145229
0.598137 0.952673 0.174901 0.00153677
0.930569 0.120513 0.319405 9.31908e-05
0.948959 0.127533 0.319919 0.000192116
0.934914 0.11883 0.310709 0.000231743
0.946299 0.133105 0.33349 0.000259408
0.943869 0.138115 0.305505 0.000465817
0.948233 0.144388 0.332984 0.000532755
0.949624 0.125305 0.347501 0.000825884
0.940652 0.15072 0.340617 0.000855966
0.931184 0.154694 0.335043 0.000872211
0.944042 0.105293 0.341582 0.000955859
0.908487 0.142042 0.312236 0.00102526
0.91984 0.157351 0.326962 0.00111015
0.902 0.127421 0.321978 0.00111644
0.91362 0.102877 0.31815 0.00113598
0.968406 0.136813 0.331723 0.00124531
0.958748 0.108526 0.340669 0.00125512
0.917893 0.101098 0.337845 0.00127007
0.955644 0.112022 0.295748 0.00139798
0.945723 0.120589 0.357958 0.00140763
0.933767 0.149366 0.291677 0.00141324
0.687335 0.375355 0.932718 0.000102814
0.705944 0.378594 0.929138 0.000167957
0.709791 0.389768 0.941642 0.000371169
0.700826 0.377738 0.913074 0.000617417
0.684617 0.371603 0.915031 0.00066387
0.710536 0.368702 0.916335 0.000718011
0.681929 0.397905 0.952709 0.000881358
0.70594 0.40498 0.936425 0.000891103
0.695028 0.38601 0.966021 0.00090177
0.666452 0.370272 0.943692 0.000964938
0.707161 0.362129 0.912364 0.000965587
0.713242 0.35418 0.922331 0.00103137
0.697917 0.383791 0.969888 0.00110327
0.668289 0.358454 0.93018 0.0011671
0.686658 0.409481 0.941302 0.00117419
0.697059 0.41314 0.940284 0.00133011
0.693653 0.379734 0.900506 0.00138108
0.669344 0.383258 0.962642 0.00139584
0.667311 0.357227 0.951127 0.00140264
0.723161 0.354304 0.923275 0.00143494
0.390554 0.714854 0.201042 2.2034e-05
0.382997 0.711247 0.183422 0.00052269
0.403754 0.732799 0.18544 0.000608499
0.388711 0.717291 0.177597 0.000642362
0.412095 0.70917 0.223608 0.000852732
0.398753 0.697112 0.225221 0.000971186
0.375154 0.738015 0.187437 0.000987491
0.417878 0.738139 0.196512 0.00102054
0.404191 0.708304 0.17354 0.00102594
0.413784 0.698063 0.185735 0.00105799
0.412812 0.741957 0.214347 0.00108275
0.382294 0.724742 0.232597 0.00109789
0.38102 0.729068 0.17339 0.00113616
0.398041 0.72181 0.16866 0.00117013
0.393081 0.70346 0.234951 0.00126627
0.360446 0.708267 0.193305 0.00129714
0.408858 0.691118 0.222166 0.00132322
0.407135 0.685457 0.189135 0.00139301
0.372445 0.746717 0.212845 0.00141084
0.375632 0.736475 0.230768 0.00149194
0.124358 0.694704 0.476136 7.24027e-05
0.123138 0.683829 0.492134 0.000197856
0.125554 0.699458 0.470485 0.000213228
0.138763 0.691568 0.465433 0.000403723
0.150333 0.684333 0.489516 0.000567298
0.146296 0.681799 0.468162 0.000637013
0.123438 0.717802 0.488674 0.000692461
0.135943 0.677728 0.505197 0.000766906
0.102826 0.685875 0.493992 0.000854883
0.156473 0.679565 0.473969 0.00100763
0.114941 0.667935 0.497025 0.00101068
0.110624 0.692604 0.456302 0.00104985
0.101408 0.712062 0.484563 0.00113908
0.119848 0.659564 0.475511 0.00123974
0.140209 0.659387 0.491196 0.00130436
0.134056 0.696357 0.445445 0.00144659
0.13535 0.65884 0.499996 0.00147829
0.128949 0.702063 0.441779 0.00178385
0.163695 0.66985 0.47467 0.00179424
0.158237 0.696576 0.452532 0.00179458
0.100806 0.290015 0.556738 0.000194322
0.0977001 0.284283 0.549116 0.000209461
0.0954366 0.312855 0.543713 0.000216942
0.0833195 0.300703 0.541667 0.000220193
0.107881 0.283236 0.535555 0.000458343
0.116436 0.30446 0.533776 0.000558771
0.0741762 0.296445 0.551495 0.000564698
0.0949307 0.30657 0.523196 0.000601635
0.115172 0.30345 0.562444 0.000608719
0.116772 0.3107 0.532099 0.000730184
0.0733672 0.304591 0.557279 0.000730679
0.081235 0.317145 0.557848 0.000741106
0.10251 0.276443 0.530018 0.000774889
0.0829015 0.274545 0.538894 0.000831724
0.0911907 0.291 0.573932 0.000860038
0.110267 0.320663 0.532145 0.000860557
0.0789109 0.321533 0.546495 0.000869279
0.0998827 0.307836 0.574478 0.000892955
0.112193 0.275227 0.565133 0.00112008
0.128699 0.286504 0.547282 0.00113236
0.873157 0.0942555 0.222326 0.000544604
0.870103 0.0670958 0.238121 0.000563865
0.880437 0.112297 0.228691 0.000816752
0.850711 0.0845493 0.236446 0.000873162
0.889489 0.0616145 0.257354 0.000996285
0.893324 0.0613468 0.232347 0.00106891
0.909117 0.0980969 0.255904 0.00114225
0.845421 0.0913253 0.256928 0.00130123
0.895801 0.109148 0.268966 0.0013353
0.91518 0.0926384 0.248176 0.00134429
0.873895 0.10574 0.276493 0.0013794
0.883461 0.0746363 0.278923 0.00141768
0.854377 0.116792 0.24257 0.0014218
0.850715 0.113221 0.251881 0.00148263
0.855624 0.0970377 0.214677 0.00148984
0.900189 0.111857 0.219923 0.00158991
0.882366 0.0927719 0.204471 0.00160305
0.861005 0.0717554 0.279139 0.00182378
0.836604 0.0840007 0.250755 0.00186012
0.861214 0.101785 0.206962 0.00187909
0.230756 0.212064 0.26269 0.000198723
0.229782 0.206098 0.268008 0.000294258
0.248221 0.186048 0.238205 0.000674252
0.256302 0.204161 0.273612 0.000779699
0.220357 0.226725 0.252975 0.000783501
0.255042 0.216779 0.234206 0.000794421
0.231192 0.231379 0.24631 0.000794893
0.257528 0.217434 0.270493 0.000868209
0.22514 0.21715 0.276836 0.00088734
0.258231 0.187187 0.267263 0.000938946
0.206188 0.203791 0.249327 0.00100362
0.26531 0.209646 0.270182 0.0010898
0.211038 0.187423 0.243232 0.00110019
0.243555 0.227732 0.276939 0.00114533
0.264281 0.216305 0.233754 0.00120676
0.248516 0.171278 0.245712 0.00128719
0.265754 0.226483 0.263903 0.00138539
0.221478 0.226517 0.227337 0.00138678
0.227029 0.235285 0.271543 0.00139711
0.256503 0.216442 0.222684 0.00140131
0.109981 0.604057 0.324009 0.000115189
0.120979 0.600963 0.319368 0.000176399
0.113196 0.627755 0.321449 0.000280884
0.100628 0.615983 0.325953 0.000285073
0.135755 0.601265 0.320813 0.000488889
0.12999 0.615623 0.344175 0.000524888
0.103663 0.593628 0.320766 0.000539378
0.133558 0.626975 0.317848 0.000558531
0.137049 0.618683 0.307573 0.000771943
0.122825 0.583613 0.330005 0.000857698
0.143675 0.600652 0.320888 0.000860983
0.11903 0.604558 0.355942 0.000977615
0.0855597 0.605138 0.323304 0.00104267
0.100399 0.594512 0.303967 0.00105146
0.117901 0.605191 0.292323 0.00115672
0.149176 0.601531 0.317107 0.00121548
0.150495 0.605242 0.33544 0.00126154
0.106281 0.581623 0.340815 0.00126782
0.141657 0.607784 0.351541 0.00129523
0.145569 0.624427 0.307477 0.00129907
0.151362 0.478832 0.140343 7.32549e-05
0.151681 0.478689 0.12246 0.000383685
0.139572 0.453458 0.141319 0.000417622
0.167561 0.477968 0.1288 0.000458135
0.163015 0.46651 0.120343 0.000547748
0.128901 0.456037 0.135475 0.000718147
0.171836 0.459608 0.154719 0.000755636
0.145658 0.493682 0.125942 0.00077912
0.165141 0.475906 0.116222 0.000800461
0.127219 0.483478 0.148927 0.000822524
0.173406 0.475598 0.159215 0.00088887
0.140244 0.470583 0.112293 0.000893874
0.168973 0.444145 0.143135 0.00101072
0.138977 0.450732 0.162271 0.00101916
0.142739 0.494533 0.120236 0.00105471
0.146901 0.493203 0.163409 0.00108468
0.126576 0.481038 0.120388 0.00110826
0.169025 0.489978 0.162389 0.00120367
0.184551 0.467927 0.151657 0.00125596
0.148405 0.505587 0.138183 0.00125785
0.601662 0.864536 0.943855 0.000170238
0.61625 0.873726 0.952277 0.000375588
0.608218 0.862113 0.951472 0.000393897
0.606041 0.889534 0.951004 0.000433579
0.615203 0.882028 0.953545 0.000448156
0.622595 0.867203 0.94669 0.000466205
0.621075 0.862552 0.920575 0.000652905
0.601797 0.852472 0.948793 0.00065749
0.620326 0.85258 0.940149 0.000733468
0.580419 0.862913 0.936267 0.000749457
0.606198 0.876347 0.90897 0.000758025
0.624912 0.854145 0.938092 0.000816036
0.615926 0.890175 0.914455 0.000839272
0.614473 0.855713 0.91538 0.000890488
0.619994 0.893359 0.917843 0.000914989
0.584914 0.857972 0.955463 0.00105044
0.62555 0.890878 0.916711 0.00106784
0.616319 0.898615 0.955904 0.00107676
0.58206 0.895396 0.9473 0.00107923
0.577336 0.861247 0.950311 0.00114597
0.5217 0.0791104 0.557948 0.00018458
0.521218 0.0516664 0.558348 0.000289914
0.538555 0.0570833 0.570307 0.000309129
0.533396 0.0753493 0.577808 0.000376364
0.531621 0.0725144 0.579889 0.000393946
0.508449 0.0721146 0.571955 0.000500603
0.529865 0.0482289 0.573822 0.000526505
0.546339 0.081068 0.565189 0.000563233
0.512227 0.0557836 0.575832 0.000577262
0.518254 0.0598822 0.539894 0.000593383
0.520887 0.0884105 0.550215 0.000612021
0.534473 0.0772944 0.587032 0.000816898
0.513426 0.0499052 0.579432 0.000829725
0.555006 0.0799532 0.552802 0.000990889
0.552956 0.0720603 0.583882 0.00118715
0.545889 0.0516763 0.588106 0.00130545
0.491336 0.0719871 0.561873 0.00132789
0.541561 0.101851 0.570023 0.00147395
0.539549 0.0955799 0.538266 0.00147533
0.513167 0.0347563 0.546515 0.00147589
0.242668 0.665453 0.252038 0.000216541
0.224123 0.653691 0.239471 0.000296405
0.221889 0.679511 0.225015 0.000575389
0.235704 0.689265 0.232525 0.000595789
0.22705 0.644367 0.239659 0.000636279
0.253266 0.656811 0.239482 0.000699061
0.240953 0.688682 0.225885 0.000863123
0.255562 0.672571 0.260103 0.000885504
0.215048 0.657295 0.221784 0.000895598
0.255662 0.653021 0.248344 0.000905003
0.232254 0.649551 0.268625 0.000944884
0.246151 0.645499 0.258458 0.000982726
0.260724 0.677265 0.250518 0.00102771
0.246949 0.664152 0.272349 0.00105859
0.250173 0.685812 0.266344 0.00114675
0.263857 0.65919 0.245222 0.00121767
0.228648 0.676614 0.279601 0.00127593
0.20612 0.684013 0.222626 0.00130658
0.233019 0.67332 0.208907 0.00131377
0.216818 0.698341 0.22766 0.00134533
0.565857 0.224291 0.642281 0.000232972
0.558067 0.217981 0.637738 0.000332579
0.564049 0.244098 0.61543 0.000363622
0.556479 0.245302 0.635294 0.000382444
0.579234 0.214658 0.630158 0.000396542
0.585837 0.23486 0.638001 0.000448213
0.550312 0.219394 0.622835 0.00044998
0.568732 0.242423 0.646318 0.000460096
0.547772 0.239999 0.62411 0.000493415
0.555945 0.2268 0.650842 0.000646565
0.564628 0.233499 0.603221 0.000653709
0.589178 0.216426 0.624983 0.000686472
0.549851 0.249626 0.634669 0.000709144
0.585439 0.210638 0.626768 0.00072603
0.546632 0.233539 0.646584 0.000768857
0.592661 0.242168 0.629465 0.000771954
0.586097 0.251773 0.638634 0.000900536
0.580499 0.206958 0.61284 0.000974285
0.551176 0.211119 0.647044 0.000988264
0.581032 0.21577 0.602995 0.00105417
0.953081 0.430318 0.565081 2.66975e-05
0.956434 0.426913 0.560889 8.93851e-05
0.945613 0.430458 0.56058 0.000170602
0.956652 0.44268 0.555789 0.000220633
0.949408 0.425319 0.557009 0.000226073
0.966589 0.446359 0.577969 0.000378887
0.935707 0.434279 0.557198 0.000527448
0.956223 0.439662 0.590472 0.00056192
0.954143 0.457134 0.55929 0.000625432
0.965445 0.420047 0.545919 0.000737635
0.956922 0.451284 0.546899 0.000739084
0.944377 0.40468 0.57911 0.00111076
0.963654 0.463863 0.555608 0.00111296
0.944437 0.405562 0.582687 0.00115456
0.980635 0.413831 0.554264 0.00116532
0.951519 0.42203 0.535548 0.00118029
0.98614 0.429104 0.550602 0.0012042
0.9619 0.440248 0.601383 0.00122111
0.976382 0.410029 0.585541 0.00128755
0.987157 0.433309 0.549059 0.00130053
0.654398 0.702015 0.14562 0.000139404
0.63233 0.689899 0.140197 0.000211888
0.655741 0.705766 0.148758 0.00024868
0.647292 0.708888 0.155668 0.000334178
0.659645 0.710216 0.142637 0.00038337
0.654254 0.713661 0.15146 0.000444505
0.660268 0.683448 0.137033 0.000498887
0.623567 0.704652 0.147143 0.000499752
0.641409 0.683772 0.124287 0.000501636
0.646127 0.719869 0.147039 0.000502103
0.655125 0.692782 0.160135 0.000515926
0.662 0.71838 0.136903 0.000736819
0.664384 0.706612 0.159474 0.000817099
0.649858 0.717816 0.162543 0.000872711
0.650899 0.669351 0.14072 0.000887736
0.647128 0.729704 0.132327 0.00106716
0.634484 0.680536 0.114744 0.00110346
0.611384 0.704806 0.144293 0.00112478
0.668499 0.67716 0.158769 0.0013569
0.630817 0.679465 0.17052 0.00140286
0.115412 0.681374 0.830427 0.000241734
0.142543 0.687673 0.835231 0.000324045
0.143127 0.668532 0.844632 0.000363819
0.117127 0.687051 0.843674 0.000398227
0.114681 0.68909 0.837301 0.0004234
0.110287 0.683135 0.832784 0.000429056
0.11843 0.692086 0.84084 0.000458725
0.112164 0.67398 0.820177 0.000472389
0.136503 0.695602 0.841217 0.00052036
0.139118 0.657339 0.846061 0.000585026
0.123441 0.654433 0.822671 0.000588292
0.145866 0.690454 0.817759 0.00073171
0.117886 0.683247 0.80989 0.00073936
0.124452 0.653334 0.848331 0.000742732
0.152937 0.674915 0.847216 0.000745782
0.108014 0.665492 0.819471 0.000749034
0.147626 0.65893 0.820861 0.00075254
0.124926 0.682275 0.806038 0.000805392
0.15532 0.6901 0.834944 0.000884667
0.0996849 0.681529 0.832859 0.000926779
0.650153 0.270569 0.480088 8.57112e-05
0.648454 0.273654 0.495322 0.000296597
0.642381 0.274978 0.463302 0.000317081
0.658663 0.283485 0.49621 0.000399621
0.645559 0.303464 0.473829 0.00060482
0.659039 0.295164 0.496286 0.000634654
0.675432 0.274784 0.482474 0.000740306
0.625665 0.288372 0.492743 0.000797292
0.672097 0.2832 0.463494 0.00079836
0.665454 0.260952 0.465691 0.000808688
0.62324 0.288821 0.488346 0.000823946
0.660436 0.268871 0.453125 0.000930703
0.63657 0.306505 0.469258 0.000968934
0.637441 0.263006 0.455142 0.000987921
0.651304 0.250956 0.466507 0.000992877
0.618325 0.286084 0.47308 0.00101135
0.634615 0.303736 0.494921 0.00102846
0.62646 0.300724 0.465365 0.0011359
0.64862 0.264599 0.44906 0.00113632
0.640111 0.257528 0.503538 0.00116049
0.53773 0.686432 0.295912 0.000158986
0.553099 0.688747 0.284462 0.000202341
0.541048 0.690607 0.281975 0.000312783
0.550223 0.697415 0.297499 0.000348411
0.561743 0.662126 0.310217 0.000758744
0.572512 0.681774 0.280974 0.000775077
0.56453 0.656872 0.303992 0.000885032
0.524453 0.670666 0.276787 0.000910051
0.541539 0.679915 0.323896 0.00095137
0.52124 0.676355 0.309078 0.000954506
0.560074 0.691453 0.320084 0.000991764
0.54187 0.650783 0.280455 0.00102455
0.551169 0.680497 0.261606 0.00104342
0.517201 0.680966 0.282727 0.00106516
0.550677 0.67512 0.327517 0.00116751
0.519773 0.668615 0.277456 0.00116865
0.526173 0.70533 0.289111 0.00117091
0.518455 0.66977 0.311054 0.00125724
0.579885 0.685685 0.307704 0.00126056
0.558024 0.6915 0.325972 0.00129229
0.688198 0.777204 0.25015 0.000288825
0.676096 0.778678 0.230252 0.000311425
0.676849 0.797122 0.256744 0.000329716
0.662953 0.772882 0.260336 0.000354815
0.68311 0.767995 0.238547 0.000397606
0.671807 0.797386 0.233297 0.000413731
0.66516 0.762024 0.255582 0.000540157
0.682801 0.761647 0.242857 0.000559683
0.677093 0.803136 0.257553 0.000561105
0.682538 0.793738 0.22809 0.000592657
0.684688 0.759982 0.248268 0.000658413
0.681308 0.790722 0.22426 0.00067002
0.648182 0.783552 0.25668 0.000676208
0.657881 0.757688 0.243015 0.000837344
0.650982 0.790338 0.265066 0.00084151
0.667851 0.778015 0.218193 0.000873739
0.645088 0.775537 0.257154 0.000890797
0.67678 0.811557 0.253419 0.000908287
0.647745 0.765095 0.251033 0.000920299
0.692591 0.764475 0.233297 0.000923206
0.524395 0.147006 0.282527 0.000277451
0.5333 0.146722 0.280128 0.000316751
0.544209 0.132995 0.299277 0.000326263
0.513311 0.130329 0.304781 0.000451938
0.544461 0.130706 0.306814 0.000532187
0.544528 0.150547 0.298249 0.000632497
0.55139 0.121884 0.283073 0.000690781
0.530597 0.155067 0.275274 0.00072147
0.544929 0.121563 0.310708 0.000814276
0.519766 0.130724 0.263113 0.000816504
0.520831 0.119187 0.266101 0.00082759
0.548776 0.145442 0.273411 0.000848778
0.539447 0.110203 0.307002 0.000912082
0.518206 0.104439 0.293662 0.000925924
0.513739 0.154085 0.273482 0.000951915
0.540828 0.160808 0.28389 0.000972349
0.517936 0.10222 0.291051 0.00105137
0.54256 0.132256 0.319544 0.00105603
0.533935 0.165267 0.292131 0.00108425
0.514927 0.111546 0.268406 0.00111514
0.922292 0.771209 0.228286 0.000249903
0.940905 0.775669 0.220731 0.000252894
0.94378 0.773712 0.217284 0.000272033
0.941788 0.777886 0.215562 0.000273487
0.913568 0.760335 0.21764 0.000297147
0.933456 0.751521 0.218229 0.000309457
0.935894 0.785091 0.213632 0.000346758
0.910845 0.76717 0.202744 0.000448106
0.948954 0.774307 0.203674 0.000563424
0.941459 0.750622 0.22566 0.000596317
0.94186 0.789055 0.215293 0.00062144
0.907841 0.787824 0.2233 0.000910812
0.907716 0.788444 0.224569 0.0009658
0.924689 0.736573 0.215094 0.00100095
0.928158 0.79694 0.199192 0.00106535
0.927266 0.766006 0.18155 0.00107043
0.9459 0.787981 0.194623 0.00108165
0.955386 0.754029 0.20009 0.00110763
0.93788 0.76391 0.246601 0.00115271
0.958106 0.765812 0.231189 0.001162
0.034622 0.42851 0.106488 0.000276861
0.0360123 0.437778 0.127844 0.00028163
0.0350677 0.452198 0.10709 0.000338778
0.0276198 0.449946 0.0993246 0.000377026
0.0310504 0.456913 0.108941 0.000394704
0.0334447 0.420117 0.119897 0.000449496
0.0308121 0.424623 0.0971395 0.000565226
0.0175234 0.446721 0.0935914 0.000582171
0.0180093 0.440042 0.139046 0.000621009
0.0249036 0.415924 0.104572 0.00064569
0.000558361 0.44043 0.123423 0.000671419
0.00330044 0.441544 0.100064 0.000709013
0.02708 0.447969 0.141754 0.000790757
0.0468879 0.457855 0.113796 0.000832298
0.0212365 0.456314 0.0909069 0.000902752
0.0495558 0.438114 0.13379 0.000946477
0.0459831 0.443519 0.137598 0.000960117
0.0386584 0.411233 0.107862 0.00100979
0.0391519 0.462251 0.0981061 0.00102906
0.0424245 0.41269 0.125063 0.0010918
0.766567 0.131085 0.671992 0.000342799
0.745648 0.14394 0.658852 0.000385973
0.74338 0.112322 0.682336 0.000426159
0.755162 0.131412 0.65193 0.000456052
0.724686 0.130187 0.668449 0.000561976
0.755568 0.109775 0.683958 0.000589733
0.728589 0.141833 0.680637 0.000606551
0.723684 0.126024 0.679345 0.000663237
0.770828 0.124592 0.660156 0.000680859
0.742715 0.131229 0.697736 0.000694115
0.749552 0.156622 0.679478 0.000790493
0.751177 0.138844 0.645462 0.000800127
0.767812 0.150045 0.674994 0.000816703
0.733477 0.104043 0.672448 0.000865378
0.761719 0.106604 0.657576 0.000919963
0.717765 0.125541 0.672396 0.00093744
0.740159 0.126573 0.702271 0.000988281
0.715423 0.122587 0.672871 0.00111814
0.744781 0.101297 0.691009 0.00117085
0.754605 0.16487 0.670306 0.00129214
0.0089239 0.105112 0.743784 9.43868e-05
0.00948239 0.100765 0.727526 0.000170668
0.0166982 0.111999 0.738146 0.000349707
0.0144759 0.0958773 0.759262 0.000565605
0.0137313 0.0740675 0.750774 0.000899421
0.000799309 0.123917 0.75611 0.000910158
0.0304244 0.113729 0.730736 0.0010262
0.0157539 0.0761165 0.718752 0.00110307
0.00674403 0.108272 0.773055 0.00127114
0.0158275 0.116005 0.707649 0.00141084
0.000379337 0.125117 0.767157 0.0014782
0.0071384 0.118235 0.773341 0.00157127
0.00428128 0.0665658 0.761864 0.00161009
0.015005 0.061337 0.731609 0.00164038
0.0315178 0.100802 0.770021 0.0017962
0.0177708 0.0818086 0.775125 0.00185016
0.0436123 0.109956 0.748572 0.0018627
0.0361908 0.125182 0.756517 0.0020886
0.0185744 0.0543923 0.745122 0.00230485
0.0280982 0.0593657 0.726146 0.00238906
0.957348 0.213417 0.805907 9.3794e-05
0.948319 0.232985 0.813627 0.000261794
0.957671 0.209116 0.795086 0.000305
0.945069 0.228726 0.780489 0.000845563
0.936736 0.205447 0.783645 0.000869281
0.924517 0.233811 0.796427 0.00096306
0.942079 0.230531 0.835876 0.00101974
0.952726 0.191909 0.784957 0.00119906
0.983937 0.222901 0.807848 0.00124429
0.982295 0.222569 0.795608 0.00126504
0.959748 0.25202 0.803757 0.00127742
0.95013 0.253892 0.804308 0.0012899
0.98133 0.21758 0.824732 0.00135063
0.941044 0.234081 0.774185 0.00141316
0.943455 0.186109 0.828525 0.00150665
0.95154 0.249799 0.783674 0.00156729
0.98027 0.20347 0.826714 0.00157061
0.955028 0.254874 0.792761 0.0015982
0.916811 0.233215 0.826208 0.00162192
0.927713 0.24577 0.828011 0.00164731
0.859902 0.981491 0.502903 0.000411607
0.845745 0.988291 0.477728 0.00042164
0.832062 0.989417 0.517061 0.000528445
0.861829 0.993405 0.512395 0.000537899
0.821505 0.982803 0.500386 0.000610613
0.838253 0.97256 0.483197 0.000652818
0.857965 0.995621 0.521338 0.000765227
0.855045 0.996202 0.522895 0.000771455
0.849488 0.964488 0.494463 0.000845136
0.835565 0.971785 0.517905 0.000922698
0.846238 0.992167 0.52891 0.00098184
0.858103 0.973442 0.520134 0.00108215
0.854333 0.960358 0.497964 0.00116361
0.816871 0.98575 0.517226 0.00116444
0.871692 0.971332 0.491553 0.00127123
0.808153 0.983934 0.480664 0.00164783
0.861072 0.961036 0.516348 0.00165462
0.880083 0.985861 0.478219 0.0017347
0.839218 0.951215 0.499345 0.00175766
0.86715 0.960802 0.513349 0.00181194
0.640111 0.257528 0.503538 0.000351442
0.610608 0.250172 0.492035 0.000417056
0.615508 0.279113 0.488267 0.000516186
0.604184 0.256453 0.486805 0.000625731
0.625199 0.249743 0.524344 0.000647388
0.625852 0.288605 0.504624 0.000670237
0.639563 0.244285 0.493391 0.000742527
0.625665 0.288372 0.492743 0.000756185
0.602811 0.277545 0.51795 0.000814429
0.64061 0.269586 0.524047 0.00083072
0.648454 0.273654 0.495322 0.000858569
0.62324 0.288821 0.488346 0.000876495
0.602425 0.279614 0.488272 0.000878788
0.597937 0.270885 0.519235 0.00091876
0.636237 0.237092 0.513098 0.000974902
0.60694 0.261698 0.474979 0.00101193
0.606157 0.235967 0.498153 0.00101235
0.613239 0.263093 0.534945 0.00111005
0.590529 0.26433 0.49217 0.00111921
0.605276 0.26539 0.472109 0.00123751
0.805943 0.119793 0.381372 0.000171898
0.824532 0.105692 0.387356 0.000253344
0.807399 0.116634 0.395455 0.00032321
0.801002 0.123403 0.381369 0.000339619
0.813528 0.111733 0.398525 0.000363433
0.825465 0.104469 0.371196 0.000391103
0.826245 0.137077 0.375557 0.000397649
0.801339 0.116695 0.369006 0.000493125
0.809708 0.131819 0.399024 0.00052132
0.813355 0.106098 0.402021 0.000613717
0.832023 0.140972 0.37893 0.00063249
0.830402 0.0978749 0.388489 0.000645212
0.844598 0.114864 0.389203 0.000727203
0.805971 0.101356 0.366582 0.000746532
0.797241 0.126639 0.397604 0.000764172
0.831524 0.115983 0.356655 0.000816533
0.791317 0.124497 0.375252 0.000838267
0.790094 0.119412 0.37767 0.000857114
0.792474 0.121759 0.367981 0.000908827
0.799661 0.128865 0.404928 0.000981432
0.978292 0.875566 0.937246 0.000179544
0.989932 0.866518 0.95412 0.000190101
0.992151 0.874698 0.944828 0.000210081
0.988745 0.889228 0.947112 0.000344759
0.979492 0.881151 0.929773 0.000483925
0.96465 0.894834 0.958285 0.000700293
0.972618 0.897687 0.961064 0.000715952
0.965759 0.895202 0.940504 0.000725933
0.951116 0.87034 0.953955 0.000793527
0.951283 0.881339 0.951552 0.000816391
0.952355 0.886864 0.950175 0.00087035
0.988276 0.863631 0.924222 0.000886212
0.999035 0.853116 0.959338 0.000916764
0.954957 0.893691 0.945135 0.000991926
0.97017 0.899829 0.971184 0.00117461
0.998381 0.898572 0.965844 0.00122507
0.947537 0.890769 0.94644 0.00128204
0.957955 0.844788 0.950496 0.0012837
0.997707 0.871799 0.980966 0.00128634
0.974002 0.90194 0.975906 0.00145411
0.602686 0.479264 0.522643 0.000162555
0.607557 0.489631 0.521343 0.000277165
0.583889 0.487928 0.51022 0.000293197
0.583847 0.47383 0.518238 0.000337908
0.598461 0.496848 0.499039 0.000405498
0.596028 0.503005 0.511265 0.000528391
0.598194 0.486553 0.488135 0.000537356
0.582931 0.490198 0.495991 0.000571614
0.599637 0.49704 0.489535 0.000718211
0.617229 0.480233 0.489458 0.000764684
0.596501 0.45851 0.527706 0.000778778
0.625503 0.476527 0.519685 0.000791863
0.621205 0.463877 0.51694 0.000795165
0.59316 0.510337 0.503722 0.00098638
0.576611 0.489646 0.489208 0.00104819
0.622931 0.477735 0.532378 0.00105189
0.612064 0.507776 0.523139 0.0010849
0.616039 0.485143 0.53877 0.00111131
0.632903 0.48311 0.514745 0.00116316
0.608771 0.505722 0.531873 0.00120058
0.403966 0.727789 0.106085 0.000191269
0.406539 0.737576 0.113374 0.000625016
0.387506 0.729827 0.1154 0.000663202
0.407316 0.740192 0.095288 0.0007853
0.407394 0.736071 0.12374 0.00083892
0.377769 0.716061 0.09204 0.000918175
0.398611 0.712446 0.135444 0.000965391
0.403407 0.734221 0.081304 0.000975734
0.386634 0.68789 0.0998501 0.00104994
0.40208 0.686164 0.0879448 0.00107952
0.434128 0.718427 0.120818 0.00111271
0.398629 0.73835 0.0788013 0.00132324
0.419203 0.717554 0.138522 0.0013308
0.377295 0.692595 0.115672 0.00134169
0.439152 0.704923 0.093201 0.00138782
0.433968 0.688399 0.108673 0.00150687
0.417669 0.715915 0.0682598 0.00151924
0.423657 0.682131 0.0909856 0.00156338
0.433324 0.737853 0.0875104 0.00167605
0.421277 0.683596 0.127208 0.0016795
0.516769 0.0762795 0.51716 0.00012343
0.499859 0.0646548 0.523292 0.000261356
0.509474 0.0626052 0.516455 0.000286899
0.511052 0.0592665 0.519142 0.000340834
0.518254 0.0598822 0.539894 0.000503505
0.486659 0.0747831 0.527182 0.000581079
0.492799 0.0626853 0.517231 0.00058913
0.50873 0.0996926 0.534063 0.000613115
0.506938 0.102028 0.523539 0.000689603
0.527073 0.058983 0.511205 0.000797461
0.520887 0.0884105 0.550215 0.000816142
0.497934 0.0626499 0.502897 0.000902892
0.51064 0.0483677 0.512931 0.000958409
0.49717 0.051305 0.54025 0.000993288
0.517704 0.101456 0.508511 0.00100907
0.486346 0.092954 0.540366 0.00106715
0.485333 0.0772983 0.504901 0.00111064
0.5217 0.0791104 0.557948 0.00111984
0.485926 0.0791359 0.503765 0.00113853
0.48161 0.0745229 0.543509 0.00113993
0.872655 0.773635 0.60204 0.00015508
0.889647 0.767776 0.616205 0.000229457
0.867382 0.77123 0.608225 0.000344291
0.88575 0.756014 0.592847 0.000345787
0.900624 0.768652 0.615502 0.000426804
0.882827 0.756763 0.586539 0.000486974
0.882377 0.75391 0.584872 0.000639571
0.895164 0.761369 0.580028 0.000716244
0.869356 0.761977 0.624695 0.000840413
0.871107 0.795731 0.587066 0.000993843
0.879441 0.800956 0.614257 0.00101282
0.905227 0.793118 0.61586 0.00103887
0.868968 0.751206 0.623979 0.00115201
0.887845 0.785958 0.633422 0.00116638
0.872833 0.781723 0.571879 0.00117535
0.87616 0.797261 0.624299 0.00119805
0.864649 0.798875 0.592455 0.00123797
0.88483 0.783686 0.636647 0.00131018
0.855119 0.756267 0.617685 0.00137131
0.863228 0.783648 0.630249 0.00138556
0.523436 0.84853 0.983567 0.000424698
0.508739 0.86656 0.97589 0.00067626
0.503 0.876318 0.980932 0.000818622
0.4964 0.870282 0.982321 0.000904648
0.531667 0.837159 0.982386 0.00101968
0.537453 0.847496 0.974412 0.00110486
0.495953 0.865895 0.97602 0.00112024
0.536831 0.875573 0.971535 0.00120563
0.522469 0.891439 0.97826 0.00129355
0.517629 0.856644 0.959728 0.00156232
0.486649 0.866198 0.975244 0.00169566
0.50029 0.88782 0.972365 0.00176004
0.526774 0.898488 0.977419 0.00183176
0.537696 0.877108 0.959539 0.0020774
0.554807 0.864041 0.965399 0.00232066
0.56311 0.844243 0.981182 0.00247109
0.529887 0.83626 0.955324 0.00264845
0.551057 0.820342 0.992175 0.00273497
0.511558 0.898956 0.961278 0.00284734
0.476426 0.831015 0.99511 0.00288696
0.668428 0.239844 0.619743 9.75179e-05
0.667193 0.245415 0.603564 0.000125375
0.665551 0.246337 0.622603 0.000230979
0.68651 0.246617 0.616469 0.000243742
0.664214 0.240245 0.625074 0.000276466
0.660009 0.241257 0.621272 0.000281563
0.673884 0.240115 0.634157 0.000527444
0.694633 0.242629 0.596695 0.000669099
0.667969 0.260628 0.596122 0.000680507
0.650301 0.228401 0.604258 0.00071572
0.669115 0.253696 0.586953 0.000792534
0.692249 0.254467 0.590287 0.00100186
0.648493 0.222972 0.599184 0.00105437
0.6478 0.259087 0.603193 0.00108097
0.694603 0.252191 0.635466 0.00118755
0.64208 0.240613 0.626826 0.00122373
0.648215 0.264279 0.601083 0.00132294
0.695801 0.2683 0.615975 0.00132484
0.640435 0.228791 0.600342 0.00132908
0.672373 0.203433 0.601333 0.001438
0.886068 0.0496314 0.0521886 9.06193e-05
0.900083 0.0401461 0.0666686 0.000242884
0.891949 0.0621838 0.0609799 0.000470285
0.891991 0.0632372 0.0568907 0.000490691
0.902641 0.0549408 0.0685777 0.000535449
0.895371 0.0200425 0.0641529 0.00056332
0.868028 0.0376311 0.0680546 0.000596747
0.887051 0.058522 0.0745494 0.000647199
0.906676 0.0445586 0.0373874 0.000669221
0.863747 0.0398072 0.0476672 0.00070199
0.883899 0.0488156 0.0288979 0.000809573
0.912152 0.0444286 0.0388957 0.000839668
0.879189 0.0248988 0.0795259 0.000922587
0.881444 0.0205978 0.0774963 0.00095192
0.87108 0.0201095 0.0383888 0.00107362
0.889455 0.0690353 0.074797 0.00112553
0.914302 0.0388909 0.0338396 0.00113804
0.899264 0.0391494 0.0892775 0.0012271
0.883905 0.0493 0.0901082 0.00125925
0.857973 0.0551822 0.0666524 0.0012635
0.199754 0.964149 0.639277 0.00032042
0.205497 0.989595 0.633459 0.000324744
0.197007 0.990987 0.649213 0.000369433
0.187805 0.964121 0.6481 0.000672297
0.229828 0.961001 0.652969 0.000708
0.213911 0.955505 0.664687 0.000845496
0.225466 0.974889 0.673652 0.00101956
0.225665 0.975367 0.615757 0.0011506
0.211526 0.955495 0.6734 0.00123815
0.202476 0.983062 0.682034 0.00140347
0.220636 0.965096 0.611713 0.00142262
0.248694 0.972507 0.649978 0.00153485
0.195318 0.958732 0.614519 0.00153878
0.18317 0.995757 0.623749 0.00154958
0.21153 0.995664 0.610674 0.0015744
0.213699 0.939864 0.660241 0.00162128
0.230828 0.99786 0.617192 0.00167476
0.235768 0.993114 0.673984 0.00170765
0.219481 0.949034 0.617086 0.0017112
0.238417 0.990947 0.67262 0.00171196
