0.317018 0.607315 9.94752e-07
0.316422 0.609664 2.08041e-06
0.316061 0.607023 2.3695e-06
0.318083 0.606598 4.29719e-06
0.317506 0.606248 4.59471e-06
0.313341 0.607339 1.36712e-05
0.313572 0.606113 1.59553e-05
0.31782 0.604399 1.6101e-05
0.320911 0.608896 1.63541e-05
0.318341 0.612336 1.8284e-05
0.316641 0.613272 2.47287e-05
0.311766 0.60746 2.71798e-05
0.319211 0.613074 2.80192e-05
0.313918 0.612834 2.94486e-05
0.322973 0.60792 3.6906e-05
0.312583 0.612961 4.03863e-05
0.321087 0.603388 4.16382e-05
0.322233 0.611989 4.18927e-05
0.319448 0.614397 4.35396e-05
0.312744 0.602825 4.74003e-05
0.59273 0.438771 1.07813e-05
0.597869 0.442384 1.08129e-05
0.594248 0.436304 1.47019e-05
0.59937 0.441641 1.58191e-05
0.595642 0.434714 2.57663e-05
0.599152 0.443749 2.65936e-05
0.597759 0.434457 3.20336e-05
0.600901 0.436994 3.3288e-05
0.592345 0.434921 3.59643e-05
0.590076 0.437196 4.00735e-05
0.600393 0.434417 4.94494e-05
0.594016 0.43258 5.52976e-05
0.60318 0.441897 5.81597e-05
0.602362 0.443815 5.86176e-05
0.59889 0.432545 6.16709e-05
0.600453 0.446244 6.28699e-05
0.591732 0.432661 6.77498e-05
0.604344 0.43926 7.23819e-05
0.604458 0.441341 7.6474e-05
0.591634 0.431544 8.57269e-05
0.442656 0.624197 4.02216e-06
0.439621 0.620972 8.91283e-06
0.437296 0.62216 1.41321e-05
0.44365 0.620858 1.71021e-05
0.438858 0.619533 2.12261e-05
0.436166 0.622436 2.23001e-05
0.436957 0.620442 2.49945e-05
0.435424 0.622918 2.8542e-05
0.446508 0.622716 3.48101e-05
0.447207 0.621528 4.73062e-05
0.434794 0.627428 4.8365e-05
0.438698 0.630604 5.09032e-05
0.442236 0.615793 6.57688e-05
0.442094 0.631772 6.62111e-05
0.439131 0.615436 7.16713e-05
0.447866 0.62847 7.35812e-05
0.44095 0.632332 7.36181e-05
0.43228 0.626518 7.85189e-05
0.449406 0.625654 7.94031e-05
0.439117 0.614541 8.74177e-05
0.611492 0.835884 1.55348e-06
0.612126 0.836215 3.74521e-06
0.609281 0.833215 4.93624e-06
0.608197 0.835059 5.99803e-06
0.611361 0.832535 6.4421e-06
0.60825 0.833537 7.7885e-06
0.611171 0.837841 8.52346e-06
0.608831 0.832245 1.07125e-05
0.614834 0.834947 1.75532e-05
0.611469 0.830535 2.03408e-05
0.609201 0.829702 2.9833e-05
0.606801 0.831044 3.01775e-05
0.606557 0.839591 3.80696e-05
0.606309 0.83983 4.24179e-05
0.617339 0.833519 4.69236e-05
0.613289 0.841595 5.08818e-05
0.615304 0.82939 5.28366e-05
0.603622 0.837151 5.40732e-05
0.608739 0.827684 5.67156e-05
0.604909 0.839917 5.73823e-05
0.0281354 0.245835 4.76842e-06
0.0247816 0.249065 6.23725e-06
0.0303164 0.246729 1.54813e-05
0.0294474 0.244085 1.87571e-05
0.0242393 0.243052 2.16474e-05
0.0313676 0.247178 2.46135e-05
0.0306126 0.243784 2.91491e-05
0.0250802 0.241777 3.08266e-05
0.0235376 0.252466 3.6288e-05
0.0285477 0.241032 4.22463e-05
0.0206052 0.250412 4.4175e-05
0.0268588 0.254557 5.4784e-05
0.0199764 0.251343 5.87663e-05
0.0330037 0.243233 5.90134e-05
0.0227777 0.254155 6.19691e-05
0.0306463 0.240041 6.87826e-05
0.0333598 0.24239 7.11882e-05
0.0320838 0.240412 7.78902e-05
0.0211819 0.239562 8.51581e-05
0.0175992 0.250062 8.59412e-05
0.503234 0.769935 3.86216e-07
0.502451 0.768567 2.22455e-06
0.500779 0.770705 3.83038e-06
0.502261 0.767341 7.4634e-06
0.504134 0.772641 9.00541e-06
0.505886 0.770366 1.07501e-05
0.504128 0.766574 1.43371e-05
0.502279 0.77386 1.46506e-05
0.498589 0.769986 1.62773e-05
0.497545 0.769947 2.58017e-05
0.498273 0.773238 2.90968e-05
0.50117 0.775949 3.69246e-05
0.508495 0.7722 3.91056e-05
0.5067 0.764821 4.39527e-05
0.507613 0.765179 4.86183e-05
0.497519 0.774889 4.94866e-05
0.496953 0.765574 5.21708e-05
0.501869 0.762664 5.50943e-05
0.496483 0.765584 5.76374e-05
0.497031 0.764539 6.16253e-05
0.301551 0.0252181 4.84244e-06
0.300578 0.0251638 6.08836e-06
0.303969 0.02554 9.23468e-06
0.298521 0.0275609 9.38033e-06
0.298385 0.0261512 1.18143e-05
0.298651 0.0292233 1.18387e-05
0.298027 0.025994 1.46563e-05
0.305313 0.0289626 1.63163e-05
0.303281 0.0313955 1.87089e-05
0.300033 0.0314893 1.89673e-05
0.305929 0.0253212 2.33085e-05
0.30577 0.0243011 2.72705e-05
0.305284 0.0236361 2.80227e-05
0.303667 0.0215056 3.93152e-05
0.295905 0.0244342 4.11179e-05
0.304553 0.0335433 4.63494e-05
0.307565 0.0241297 4.66237e-05
0.307383 0.0236543 4.78413e-05
0.308588 0.0267583 4.95448e-05
0.297241 0.0329687 4.96407e-05
0.568105 0.835461 8.14204e-07
0.567493 0.837695 4.46982e-06
0.57123 0.834206 9.24039e-06
0.566301 0.83351 1.26252e-05
0.566828 0.839274 1.43878e-05
0.564787 0.835427 1.64823e-05
0.564884 0.838207 2.0067e-05
0.569976 0.83111 2.56261e-05
0.572906 0.832464 2.95972e-05
0.574218 0.836681 2.97578e-05
0.573902 0.838113 3.03362e-05
0.573964 0.838249 3.15551e-05
0.571135 0.830896 3.18448e-05
0.566198 0.841509 3.67436e-05
0.570672 0.841922 3.81591e-05
0.562758 0.833645 4.22297e-05
0.566909 0.842329 4.32093e-05
0.568988 0.842656 4.38871e-05
0.573165 0.84149 4.8805e-05
0.562509 0.83216 5.45957e-05
0.746322 0.684162 4.27909e-06
0.749973 0.686069 8.82174e-06
0.749451 0.683305 1.38891e-05
0.743184 0.684802 1.63082e-05
0.744869 0.690014 1.97565e-05
0.750932 0.689219 2.50663e-05
0.741504 0.685318 3.08753e-05
0.752045 0.688488 3.1053e-05
0.751954 0.689438 3.55554e-05
0.741014 0.686266 3.58856e-05
0.752959 0.684786 3.72402e-05
0.74215 0.68983 3.73524e-05
0.747123 0.679942 3.81282e-05
0.752717 0.688548 3.85595e-05
0.740943 0.683013 4.63547e-05
0.74566 0.679348 4.76012e-05
0.751916 0.691237 5.03636e-05
0.742075 0.692227 6.16362e-05
0.753956 0.681796 6.70047e-05
0.739147 0.689318 7.19725e-05
0.930097 0.359584 9.60381e-06
0.924441 0.360204 1.1606e-05
0.930634 0.361065 1.88925e-05
0.925292 0.354309 1.99273e-05
0.931471 0.359931 2.02567e-05
0.931537 0.360145 2.15501e-05
0.927036 0.353397 2.41895e-05
0.932156 0.359147 2.45437e-05
0.930667 0.361921 2.45665e-05
0.924086 0.35417 2.72951e-05
0.927922 0.353098 2.75864e-05
0.927181 0.352695 3.15268e-05
0.925795 0.35275 3.309e-05
0.93338 0.356936 3.9188e-05
0.921871 0.361542 3.96208e-05
0.922598 0.362653 4.07222e-05
0.933856 0.358548 4.34031e-05
0.934366 0.358739 5.04955e-05
0.932643 0.353621 5.08239e-05
0.932619 0.364424 6.5971e-05
0.464608 0.415462 2.64788e-06
0.463754 0.41519 4.03742e-06
0.463176 0.414836 5.59537e-06
0.463186 0.415006 5.84892e-06
0.467668 0.415401 6.97127e-06
0.465241 0.416896 8.17131e-06
0.465919 0.410987 9.60443e-06
0.46858 0.414156 1.00975e-05
0.463019 0.411348 1.29481e-05
0.468096 0.41673 1.44707e-05
0.462236 0.411082 1.88017e-05
0.460747 0.41082 3.20669e-05
0.470205 0.417738 3.67078e-05
0.46337 0.408174 3.85748e-05
0.47074 0.417628 4.13321e-05
0.458901 0.415231 4.37036e-05
0.462927 0.407638 4.71555e-05
0.471733 0.416733 4.72959e-05
0.470835 0.409401 5.10425e-05
0.46416 0.421414 5.58856e-05
0.514884 0.89006 8.65033e-07
0.514972 0.890818 1.18813e-06
0.515735 0.889899 3.21728e-06
0.515894 0.890932 3.96259e-06
0.514841 0.89275 6.54961e-06
0.517411 0.89285 1.79925e-05
0.516044 0.886333 2.02164e-05
0.509645 0.887022 2.98983e-05
0.50988 0.886576 3.10636e-05
0.51513 0.884874 3.11068e-05
0.512886 0.896357 3.74964e-05
0.520063 0.889343 3.78085e-05
0.508943 0.894128 3.9906e-05
0.510865 0.896652 4.97051e-05
0.521213 0.891708 5.39789e-05
0.521243 0.88883 5.4797e-05
0.519675 0.885476 5.5876e-05
0.518276 0.896936 6.18996e-05
0.52067 0.886093 6.25531e-05
0.506176 0.888901 6.31971e-05
0.549316 0.68341 3.08505e-07
0.550938 0.685054 3.57611e-06
0.547782 0.682653 4.31592e-06
0.547865 0.686046 6.70079e-06
0.553067 0.681524 1.93997e-05
0.545509 0.681509 2.11228e-05
0.550934 0.688768 2.54883e-05
0.546527 0.679304 2.99058e-05
0.54516 0.680218 3.19508e-05
0.546205 0.68888 3.44015e-05
0.554803 0.686665 3.65476e-05
0.55548 0.684622 3.74462e-05
0.543709 0.68687 4.08217e-05
0.555853 0.68321 4.2244e-05
0.542765 0.683889 4.39919e-05
0.550845 0.677482 4.40464e-05
0.545856 0.689846 4.71817e-05
0.550337 0.677042 4.87375e-05
0.542702 0.686187 4.97816e-05
0.552833 0.677766 5.01652e-05
0.410052 0.0325704 1.01423e-05
0.410265 0.0263751 1.05863e-05
0.414835 0.029208 1.4613e-05
0.411417 0.0256861 1.49931e-05
0.414829 0.0283218 1.5937e-05
0.412713 0.0252806 2.09736e-05
0.409326 0.0248481 2.4889e-05
0.40576 0.0299983 2.79522e-05
0.406798 0.0263176 2.82504e-05
0.410995 0.036301 4.5734e-05
0.414694 0.0238546 4.5756e-05
0.417476 0.0261417 5.31393e-05
0.408747 0.0365431 5.42605e-05
0.40345 0.0293798 5.74212e-05
0.410915 0.0373714 6.13687e-05
0.407103 0.0226755 6.24968e-05
0.4178 0.0247146 6.91475e-05
0.419483 0.0277141 7.48368e-05
0.417477 0.0354145 7.61342e-05
0.401943 0.0284886 8.36122e-05
0.234855 0.942258 6.14076e-06
0.23876 0.940244 9.45494e-06
0.23652 0.936816 1.03572e-05
0.232484 0.941508 1.28468e-05
0.233635 0.936475 1.62015e-05
0.23338 0.936351 1.81878e-05
0.23646 0.935073 2.41492e-05
0.240695 0.940484 2.52453e-05
0.238181 0.935424 2.64405e-05
0.231285 0.93468 4.70551e-05
0.238231 0.933382 4.92501e-05
0.235473 0.932772 5.12639e-05
0.230836 0.934555 5.25495e-05
0.243099 0.94119 5.63096e-05
0.228067 0.938053 6.18105e-05
0.231968 0.932914 6.31445e-05
0.235809 0.947943 6.42409e-05
0.227724 0.941119 6.50541e-05
0.241727 0.945479 6.71099e-05
0.227645 0.941465 6.7264e-05
0.216192 0.309314 8.16229e-07
0.215878 0.310081 1.31174e-06
0.217788 0.307639 5.15512e-06
0.216013 0.312385 7.82139e-06
0.215504 0.312601 1.02414e-05
0.217289 0.313828 1.66437e-05
0.217081 0.305572 1.75523e-05
0.22059 0.312349 1.97513e-05
0.212396 0.309714 2.09911e-05
0.218445 0.314608 2.56558e-05
0.212647 0.312848 2.82941e-05
0.212424 0.312621 2.89236e-05
0.217902 0.304017 3.38334e-05
0.223041 0.308915 3.74788e-05
0.2193 0.304058 3.79131e-05
0.210825 0.308893 3.86049e-05
0.217374 0.303532 3.89536e-05
0.22141 0.305219 4.02654e-05
0.220017 0.304077 4.15434e-05
0.223485 0.310001 4.24015e-05
0.880627 0.937573 2.25055e-07
0.881248 0.936035 1.41249e-06
0.88164 0.939751 7.35212e-06
0.877801 0.93724 9.32131e-06
0.880184 0.940531 1.18336e-05
0.879962 0.933532 1.39267e-05
0.884163 0.935318 1.43309e-05
0.88304 0.933889 1.54532e-05
0.883732 0.939947 1.60792e-05
0.882856 0.941013 1.88845e-05
0.878292 0.933152 2.25899e-05
0.877915 0.941253 2.54193e-05
0.884144 0.940981 2.5457e-05
0.880721 0.931845 2.8229e-05
0.87854 0.931762 3.44531e-05
0.874692 0.937436 3.80424e-05
0.884183 0.942373 3.82986e-05
0.881421 0.943698 4.31095e-05
0.87565 0.941169 4.31753e-05
0.879957 0.943672 4.32576e-05
0.743225 0.928329 1.29974e-05
0.748242 0.92572 1.49692e-05
0.741783 0.928025 1.66433e-05
0.748135 0.922757 1.83167e-05
0.749523 0.923701 2.72379e-05
0.749889 0.923816 3.08185e-05
0.749354 0.927562 3.08976e-05
0.749144 0.921738 3.22592e-05
0.743682 0.919067 3.50826e-05
0.741194 0.930444 4.09197e-05
0.742869 0.93186 5.04012e-05
0.741696 0.93157 5.15619e-05
0.738158 0.921314 5.2778e-05
0.744667 0.93248 5.69042e-05
0.73788 0.928787 5.80046e-05
0.742632 0.917372 6.0578e-05
0.751086 0.920544 6.33196e-05
0.752583 0.925056 6.61196e-05
0.737099 0.928417 6.61689e-05
0.74842 0.9323 6.99076e-05
0.493341 0.310787 2.00017e-06
0.495229 0.310779 6.74418e-06
0.49561 0.309855 6.88913e-06
0.495425 0.310943 8.12493e-06
0.496154 0.310594 1.12044e-05
0.495956 0.311504 1.29888e-05
0.496648 0.308578 1.3827e-05
0.489384 0.30643 2.21164e-05
0.491188 0.304937 2.3368e-05
0.495799 0.305366 2.40472e-05
0.495393 0.314013 2.68181e-05
0.48809 0.30781 2.68959e-05
0.496531 0.313509 2.91206e-05
0.497785 0.312059 2.96946e-05
0.498201 0.31155 3.13924e-05
0.496677 0.314625 4.05634e-05
0.498447 0.312896 4.15722e-05
0.495832 0.315444 4.43095e-05
0.496817 0.315156 4.74198e-05
0.49873 0.313464 4.90068e-05
0.347103 0.0486767 5.10226e-06
0.344545 0.0501113 9.45946e-06
0.344685 0.0532958 1.37838e-05
0.34483 0.0475991 1.81072e-05
0.345249 0.0554448 2.58358e-05
0.343683 0.0472651 2.79059e-05
0.342692 0.0538266 3.18833e-05
0.351062 0.0464034 3.27479e-05
0.343831 0.0464287 3.35625e-05
0.348853 0.0447186 3.99518e-05
0.353534 0.0532434 4.16867e-05
0.349722 0.0447189 4.3019e-05
0.35409 0.0517878 4.39737e-05
0.347233 0.0577502 4.70495e-05
0.352438 0.0563048 5.34422e-05
0.340369 0.0479089 6.00428e-05
0.355286 0.0521657 6.19393e-05
0.348972 0.0427046 6.92243e-05
0.350318 0.0428535 7.25296e-05
0.339797 0.0469614 7.51091e-05
0.0573108 0.554486 2.00862e-06
0.057059 0.555005 2.63604e-06
0.0560061 0.55186 3.22332e-06
0.0565994 0.551617 4.30932e-06
0.0540962 0.550239 1.59165e-05
0.0521738 0.553875 1.60071e-05
0.0570119 0.558069 2.02555e-05
0.0609667 0.554736 2.42079e-05
0.0553822 0.548772 2.4393e-05
0.0580434 0.548926 2.58082e-05
0.0540663 0.558852 3.14998e-05
0.0509402 0.550925 3.47444e-05
0.0506091 0.551175 3.70182e-05
0.0504727 0.551466 3.71973e-05
0.0599001 0.547387 5.31264e-05
0.0633293 0.55192 5.42652e-05
0.0520465 0.560619 6.55836e-05
0.0595954 0.546016 6.9985e-05
0.0482108 0.556848 7.35633e-05
0.0647025 0.552375 7.44523e-05
0.418014 0.282087 1.73701e-07
0.417109 0.282499 1.77241e-06
0.417101 0.281327 2.50189e-06
0.419487 0.281052 2.51461e-06
0.418725 0.279344 8.34333e-06
0.41974 0.279565 8.79393e-06
0.416372 0.279674 1.06113e-05
0.41542 0.280656 1.13707e-05
0.414138 0.281922 1.83397e-05
0.417555 0.286501 1.91007e-05
0.41365 0.282061 2.26869e-05
0.414246 0.279689 2.37193e-05
0.415195 0.278319 2.55155e-05
0.420923 0.286942 2.86553e-05
0.419105 0.287722 3.08026e-05
0.413462 0.279053 3.44877e-05
0.413135 0.285189 3.66683e-05
0.424368 0.279879 4.09509e-05
0.424796 0.284204 4.47295e-05
0.416725 0.288805 4.62628e-05
0.344217 0.271613 1.07171e-06
0.343509 0.27036 1.59623e-06
0.34228 0.26892 7.88861e-06
0.344261 0.274336 8.75758e-06
0.345107 0.269261 9.0859e-06
0.342391 0.26732 1.8779e-05
0.338653 0.271276 2.06051e-05
0.342947 0.267031 2.07465e-05
0.345504 0.267438 2.25448e-05
0.347726 0.273308 2.36316e-05
0.341255 0.26655 2.90201e-05
0.34014 0.276576 3.42121e-05
0.337249 0.269826 3.82754e-05
0.348756 0.27436 3.87935e-05
0.349617 0.272772 4.28301e-05
0.345069 0.265169 4.46656e-05
0.344731 0.265078 4.46809e-05
0.341977 0.264602 5.01529e-05
0.348281 0.266486 5.19453e-05
0.335995 0.273797 5.65641e-05
0.130508 0.410306 2.29966e-06
0.129684 0.408738 4.71894e-06
0.133437 0.412366 1.14988e-05
0.12838 0.408276 1.26405e-05
0.133099 0.413027 1.47941e-05
0.131529 0.405409 1.61962e-05
0.126566 0.408887 2.71052e-05
0.136234 0.406691 2.76478e-05
0.126284 0.407831 3.23615e-05
0.130971 0.415655 3.93742e-05
0.134858 0.414966 4.03727e-05
0.126083 0.406244 4.21774e-05
0.125272 0.406975 4.79064e-05
0.127468 0.41488 4.80079e-05
0.137569 0.405308 5.08993e-05
0.12467 0.410862 5.21001e-05
0.139086 0.408974 5.41208e-05
0.136582 0.402844 6.67536e-05
0.138615 0.413917 6.73724e-05
0.140336 0.407786 7.65142e-05
0.979816 0.940065 5.9414e-06
0.973682 0.940121 1.38572e-05
0.975788 0.936324 1.47304e-05
0.976518 0.935705 1.76193e-05
0.979157 0.944316 2.34179e-05
0.981836 0.937058 2.73194e-05
0.981465 0.944021 3.43186e-05
0.976425 0.933975 3.49866e-05
0.980912 0.934938 3.61311e-05
0.983011 0.943028 4.19263e-05
0.979602 0.933344 4.66981e-05
0.982115 0.934691 4.8512e-05
0.984353 0.939425 4.86105e-05
0.973939 0.946082 5.12585e-05
0.972482 0.934389 5.34952e-05
0.974286 0.933108 5.4571e-05
0.971032 0.935785 5.6655e-05
0.983235 0.945143 6.25848e-05
0.981723 0.933015 6.49387e-05
0.984853 0.943379 6.84119e-05
0.553244 0.637119 8.16304e-07
0.551376 0.636722 1.5742e-06
0.553556 0.635407 2.05054e-06
0.552306 0.639287 7.97443e-06
0.549727 0.638779 1.35856e-05
0.553507 0.632882 1.37478e-05
0.549422 0.639753 2.08664e-05
0.553059 0.641442 2.48348e-05
0.550355 0.642957 4.70358e-05
0.553199 0.643522 4.99587e-05
0.545725 0.634461 5.1427e-05
0.554175 0.643788 5.58796e-05
0.54592 0.632675 5.91832e-05
0.553552 0.645252 7.78711e-05
0.561756 0.635931 8.40098e-05
0.543864 0.633265 8.67654e-05
0.561868 0.635001 8.79506e-05
0.550405 0.646273 0.000100769
0.562745 0.638777 0.000108054
0.553928 0.647127 0.00011513
0.0270239 0.030667 7.41405e-06
0.0221943 0.030595 8.10546e-06
0.021928 0.0306039 9.5358e-06
0.0228482 0.0265587 1.06549e-05
0.0222039 0.0268364 1.20424e-05
0.0260961 0.0335072 2.01046e-05
0.0200287 0.0293448 2.18435e-05
0.0278519 0.0252318 2.60387e-05
0.0305969 0.0304594 3.62303e-05
0.0197228 0.0328312 3.76407e-05
0.0195793 0.0328952 3.95534e-05
0.0270253 0.0233681 3.99482e-05
0.0287008 0.0342035 4.05744e-05
0.0294693 0.0248576 4.199e-05
0.0315871 0.0314517 5.22796e-05
0.0196015 0.0239674 5.38703e-05
0.0292658 0.0350888 5.49749e-05
0.0313425 0.0255223 5.79698e-05
0.0320735 0.0314878 5.93748e-05
0.0280686 0.0220591 6.29876e-05
0.980504 0.213401 3.81933e-06
0.982868 0.211913 4.73691e-06
0.983405 0.212055 4.99798e-06
0.98048 0.212489 5.88293e-06
0.984777 0.214392 6.00222e-06
0.984714 0.215091 6.69854e-06
0.980875 0.211905 6.69858e-06
0.98517 0.213463 8.24473e-06
0.984073 0.216845 1.08885e-05
0.982724 0.217384 1.13985e-05
0.980419 0.210723 1.46664e-05
0.980206 0.217561 1.70918e-05
0.978392 0.215907 1.92344e-05
0.981357 0.2094 2.24183e-05
0.983959 0.219429 3.17421e-05
0.980346 0.208243 3.74974e-05
0.981555 0.220254 3.9398e-05
0.987913 0.217352 4.19466e-05
0.975884 0.2124 4.45101e-05
0.98906 0.213753 4.5046e-05
0.237793 0.928788 1.56283e-06
0.238279 0.928678 2.35805e-06
0.235687 0.930229 7.58448e-06
0.234546 0.929123 7.78386e-06
0.236353 0.93134 1.28659e-05
0.234586 0.930479 1.29787e-05
0.233179 0.928237 1.48506e-05
0.237616 0.923754 1.68479e-05
0.234105 0.924538 1.91647e-05
0.239666 0.931509 2.07149e-05
0.23542 0.923466 2.14276e-05
0.235473 0.932772 2.69529e-05
0.236392 0.922461 2.90326e-05
0.238231 0.933382 3.25064e-05
0.231652 0.924945 3.69383e-05
0.241791 0.931615 3.7313e-05
0.243124 0.925596 4.23049e-05
0.237257 0.921073 4.54959e-05
0.241528 0.922491 4.87458e-05
0.231968 0.932914 5.14293e-05
0.441096 0.146552 3.54027e-06
0.439091 0.143044 5.04284e-06
0.442933 0.143079 8.47704e-06
0.440687 0.141028 1.38847e-05
0.440722 0.140679 1.66151e-05
0.436465 0.144503 1.67429e-05
0.441225 0.149007 1.85646e-05
0.439396 0.140514 1.92833e-05
0.435068 0.145947 3.14788e-05
0.441745 0.151214 4.31917e-05
0.445142 0.139675 4.68655e-05
0.435257 0.149216 4.79445e-05
0.433591 0.147314 5.49825e-05
0.434922 0.149809 5.72582e-05
0.440536 0.137167 5.75168e-05
0.432707 0.144043 6.20064e-05
0.437832 0.13732 6.2615e-05
0.433113 0.147819 6.47135e-05
0.445327 0.138271 6.48256e-05
0.437057 0.152044 6.53798e-05
0.225301 0.0839822 1.18437e-06
0.225678 0.0851983 3.87314e-06
0.223528 0.0870684 1.0648e-05
0.220328 0.0843457 1.53492e-05
0.218884 0.0827189 2.97973e-05
0.218586 0.0822417 3.44017e-05
0.230065 0.0847016 3.48656e-05
0.217247 0.0843864 4.8847e-05
0.221119 0.0774122 5.14194e-05
0.230324 0.0886909 6.04427e-05
0.22417 0.0918104 6.29114e-05
0.219952 0.0906114 6.35251e-05
0.222234 0.092092 7.13899e-05
0.221893 0.092162 7.40166e-05
0.215918 0.0813144 7.5462e-05
0.218555 0.0772586 7.58911e-05
0.217807 0.0767883 9.13753e-05
0.223284 0.0741048 9.64057e-05
0.234037 0.0818094 0.000100695
0.223583 0.0940362 0.000103574
0.793228 0.840057 3.9983e-06
0.789246 0.837904 6.39312e-06
0.788603 0.838567 8.41123e-06
0.792386 0.83623 9.44658e-06
0.788814 0.841806 1.39398e-05
0.790723 0.835315 1.52631e-05
0.787492 0.841453 2.08939e-05
0.79652 0.841065 2.94152e-05
0.794345 0.834562 2.95182e-05
0.795536 0.842798 3.00245e-05
0.793624 0.844195 3.01533e-05
0.79619 0.836314 3.06002e-05
0.78603 0.837717 3.13737e-05
0.794584 0.83361 4.06083e-05
0.793737 0.832969 4.35257e-05
0.796095 0.834259 4.56162e-05
0.784629 0.840068 4.72688e-05
0.784451 0.840693 5.1259e-05
0.793763 0.84593 5.12854e-05
0.784374 0.836422 5.74452e-05
0.973336 0.104366 3.27801e-06
0.971912 0.106857 3.82178e-06
0.971416 0.108498 1.09338e-05
0.969957 0.104873 1.58097e-05
0.977807 0.103904 2.16085e-05
0.975264 0.11073 2.34876e-05
0.976148 0.110857 2.81689e-05
0.968465 0.107811 3.05137e-05
0.974602 0.112065 3.5954e-05
0.980193 0.106032 4.18095e-05
0.976167 0.100116 4.21654e-05
0.979302 0.109483 4.22929e-05
0.97159 0.099408 4.98009e-05
0.975993 0.113352 5.724e-05
0.971573 0.113465 5.83944e-05
0.965783 0.106603 6.3332e-05
0.977628 0.113116 6.3968e-05
0.980778 0.110191 6.61657e-05
0.98179 0.104139 6.89697e-05
0.967673 0.112187 7.33116e-05
0.714542 0.561677 4.47569e-06
0.718777 0.560342 6.33278e-06
0.718548 0.562237 8.43006e-06
0.719904 0.560125 1.33618e-05
0.712731 0.558898 1.4865e-05
0.713716 0.56472 2.47511e-05
0.721588 0.56181 3.02231e-05
0.719418 0.554759 4.22977e-05
0.711555 0.55585 4.3284e-05
0.713357 0.554519 4.35644e-05
0.713934 0.554032 4.65571e-05
0.710446 0.556745 4.75332e-05
0.711291 0.56538 4.90642e-05
0.713127 0.566868 5.10802e-05
0.712399 0.566517 5.17853e-05
0.709493 0.557247 5.60617e-05
0.720255 0.553441 6.50171e-05
0.717083 0.568828 7.0929e-05
0.719708 0.55276 7.09497e-05
0.715137 0.569107 7.62895e-05
0.333551 0.16906 5.2574e-08
0.332145 0.167681 4.75437e-06
0.330707 0.170085 9.21723e-06
0.330537 0.169963 1.00643e-05
0.334222 0.166088 1.05014e-05
0.332555 0.165538 1.51242e-05
0.332726 0.16484 2.04843e-05
0.335534 0.174102 2.69165e-05
0.336708 0.173678 2.88445e-05
0.336885 0.17408 3.36626e-05
0.330397 0.163957 3.87504e-05
0.338924 0.172981 4.17307e-05
0.33576 0.175414 4.22219e-05
0.328657 0.174569 5.27954e-05
0.331658 0.176515 5.63222e-05
0.335141 0.176661 5.68324e-05
0.339828 0.164702 5.92766e-05
0.337079 0.176814 6.8714e-05
0.32957 0.162026 6.90547e-05
0.330315 0.176966 7.01695e-05
0.683477 0.43361 6.94993e-07
0.685291 0.435035 2.50966e-06
0.683198 0.435994 5.95819e-06
0.682436 0.431476 8.86582e-06
0.687901 0.435697 1.66325e-05
0.687336 0.43104 1.69655e-05
0.68915 0.431243 3.02312e-05
0.680608 0.428975 3.68998e-05
0.688816 0.429388 4.00632e-05
0.68932 0.437872 4.18435e-05
0.679334 0.438376 4.53816e-05
0.676812 0.434555 5.64283e-05
0.683626 0.426123 5.95102e-05
0.677489 0.429422 6.54594e-05
0.692319 0.432832 6.548e-05
0.676109 0.435544 6.98906e-05
0.685293 0.425491 7.02046e-05
0.675868 0.431468 7.63498e-05
0.69139 0.42833 8.04762e-05
0.690192 0.426694 8.54965e-05
0.543562 0.581647 5.28181e-07
0.543509 0.582769 7.16845e-07
0.544358 0.58032 5.0263e-06
0.540145 0.58265 8.41357e-06
0.543476 0.585075 9.09174e-06
0.540208 0.584064 1.16184e-05
0.539308 0.583253 1.49123e-05
0.538466 0.583214 2.17373e-05
0.543923 0.586893 2.38553e-05
0.543717 0.58727 2.72694e-05
0.548573 0.581987 3.11545e-05
0.548071 0.579702 3.15315e-05
0.538073 0.586319 4.20215e-05
0.549088 0.584351 4.22225e-05
0.53608 0.584125 5.1886e-05
0.549752 0.585017 5.42086e-05
0.549732 0.585203 5.50502e-05
0.548448 0.57675 5.83596e-05
0.550735 0.583849 6.30031e-05
0.544264 0.589947 6.32155e-05
0.281182 0.0764094 6.66442e-06
0.275869 0.0771985 7.81553e-06
0.27567 0.0751393 1.1999e-05
0.281701 0.0789365 1.34341e-05
0.282256 0.0804363 2.54659e-05
0.275913 0.0817094 3.05471e-05
0.275042 0.0817465 3.64307e-05
0.274449 0.081555 3.92483e-05
0.274148 0.0814183 4.0613e-05
0.284854 0.0752961 4.10892e-05
0.272248 0.0782193 4.27032e-05
0.273791 0.0818241 4.77806e-05
0.283182 0.0713399 5.15439e-05
0.284502 0.0713366 6.52846e-05
0.279186 0.0684531 7.17595e-05
0.284249 0.0836571 7.69196e-05
0.27907 0.085704 7.75635e-05
0.284157 0.0837862 7.76561e-05
0.279531 0.0680557 7.91249e-05
0.280684 0.0856453 8.04976e-05
0.0235965 0.657154 4.33795e-06
0.0258296 0.660312 4.33917e-06
0.022703 0.656468 1.02845e-05
0.0232092 0.655584 1.18626e-05
0.0244501 0.654409 1.58342e-05
0.0272861 0.65432 1.94949e-05
0.0265579 0.663027 2.39532e-05
0.0229343 0.653544 2.8296e-05
0.0307812 0.656803 3.17536e-05
0.0302105 0.655135 3.36027e-05
0.0242583 0.664054 3.44541e-05
0.026847 0.664509 4.09829e-05
0.0319596 0.656129 4.84095e-05
0.032221 0.656044 5.23087e-05
0.0288836 0.664668 5.32599e-05
0.0290664 0.664941 5.81363e-05
0.0304288 0.652352 6.10622e-05
0.0309508 0.65258 6.39891e-05
0.0197024 0.652581 6.43779e-05
0.0313737 0.652355 7.15185e-05
0.243771 0.818174 1.83339e-06
0.244194 0.820249 2.46817e-06
0.241597 0.817253 5.93492e-06
0.240949 0.817556 7.00573e-06
0.246038 0.816826 1.53622e-05
0.240251 0.822597 1.84977e-05
0.238477 0.822341 2.96512e-05
0.245361 0.813919 3.42933e-05
0.24879 0.820334 3.50219e-05
0.237456 0.816616 3.74193e-05
0.237433 0.815923 4.18251e-05
0.242182 0.826025 4.63196e-05
0.243034 0.826573 5.34092e-05
0.240708 0.812243 5.44207e-05
0.25042 0.821474 6.03767e-05
0.243176 0.81113 6.62122e-05
0.239586 0.811616 6.99518e-05
0.243639 0.827755 7.2539e-05
0.25148 0.81882 7.26169e-05
0.250472 0.815097 7.36631e-05
0.484584 0.88365 2.00756e-06
0.482604 0.882923 2.13903e-06
0.485122 0.886813 1.01086e-05
0.486341 0.885325 1.05634e-05
0.480999 0.881485 1.26949e-05
0.479617 0.884157 1.34654e-05
0.480476 0.886972 1.54807e-05
0.480786 0.887429 1.6563e-05
0.479744 0.881278 2.11883e-05
0.47972 0.887864 2.60136e-05
0.478301 0.882177 2.90127e-05
0.48786 0.887728 3.32487e-05
0.489185 0.883363 3.55353e-05
0.477713 0.886632 3.68861e-05
0.489948 0.885373 4.57172e-05
0.486715 0.890192 4.74533e-05
0.476339 0.883961 4.8329e-05
0.480417 0.877732 5.02963e-05
0.486377 0.877738 5.15399e-05
0.488659 0.879262 5.34224e-05
0.768307 0.992569 6.59931e-07
0.769913 0.992044 1.56545e-06
0.771653 0.992571 6.99682e-06
0.772331 0.994764 1.42249e-05
0.7728 0.993609 1.46463e-05
0.772343 0.995424 1.71636e-05
0.765948 0.996375 2.13654e-05
0.769009 0.987828 2.60653e-05
0.773033 0.989315 2.9089e-05
0.774181 0.990756 3.12367e-05
0.774531 0.994365 3.22764e-05
0.774448 0.989919 3.84023e-05
0.767077 0.986878 4.04919e-05
0.768854 0.986404 4.2663e-05
0.770754 0.986425 4.53191e-05
0.775637 0.994281 4.5421e-05
0.762256 0.993328 4.60841e-05
0.765795 0.986567 5.10208e-05
0.763878 0.997926 5.15071e-05
0.765829 0.999389 5.19496e-05
0.533361 0.80494 1.24053e-06
0.531773 0.808378 8.88323e-06
0.531345 0.80342 1.19014e-05
0.537387 0.80491 1.55607e-05
0.528824 0.80563 2.30056e-05
0.536808 0.809758 2.41858e-05
0.52814 0.806277 2.9917e-05
0.534293 0.800337 3.28479e-05
0.528613 0.802967 3.42737e-05
0.533712 0.799966 3.67406e-05
0.53098 0.800501 3.7421e-05
0.528153 0.802325 4.34144e-05
0.538525 0.810671 4.57874e-05
0.529012 0.811543 5.15107e-05
0.537665 0.7999 5.40296e-05
0.529225 0.799166 6.62507e-05
0.534671 0.797947 6.64204e-05
0.531796 0.797952 6.84632e-05
0.530404 0.813759 7.0027e-05
0.53996 0.800321 7.29572e-05
0.497174 0.959042 5.56764e-07
0.496028 0.955552 9.15424e-06
0.493639 0.956297 1.39596e-05
0.500662 0.95705 1.82586e-05
0.495289 0.963057 2.2485e-05
0.491859 0.959238 2.34545e-05
0.500543 0.96225 2.91389e-05
0.494657 0.953488 2.92209e-05
0.496848 0.964238 3.28063e-05
0.50047 0.953501 3.97413e-05
0.497174 0.964807 3.98774e-05
0.503135 0.960249 4.51019e-05
0.48918 0.957396 5.70054e-05
0.503763 0.961188 5.77882e-05
0.498174 0.950987 5.89936e-05
0.50082 0.951151 7.16238e-05
0.50437 0.955052 7.16259e-05
0.504992 0.960028 7.19308e-05
0.500579 0.966716 8.27336e-05
0.502527 0.951573 8.27504e-05
0.0071628 0.753685 7.33182e-07
0.00781121 0.75174 2.09481e-06
0.00862128 0.750695 7.67278e-06
0.0060125 0.74958 1.16104e-05
0.00576935 0.749601 1.19667e-05
0.00793663 0.74922 1.43751e-05
0.00719211 0.748731 1.72037e-05
0.00307718 0.756361 2.6847e-05
0.00686481 0.758124 2.76213e-05
0.0109373 0.757056 3.37963e-05
0.00813479 0.746807 3.82619e-05
0.0107542 0.75835 4.48571e-05
0.00153976 0.748459 4.8228e-05
0.00118453 0.756957 4.9435e-05
0.00915671 0.759643 5.09569e-05
0.0131597 0.756644 5.33735e-05
0.0128735 0.757084 5.33876e-05
0.0125475 0.757858 5.67323e-05
0.0135777 0.749267 5.74938e-05
0.0118799 0.746905 6.03176e-05
0.286184 0.594474 2.45706e-06
0.284357 0.593771 8.83872e-06
0.284895 0.597015 1.90314e-05
0.28844 0.59788 2.15616e-05
0.286647 0.598416 2.58158e-05
0.291723 0.596795 3.12065e-05
0.292627 0.590865 3.46423e-05
0.284098 0.588412 3.49393e-05
0.290754 0.598689 4.01063e-05
0.288744 0.599701 4.20594e-05
0.280703 0.59406 4.40459e-05
0.293109 0.596725 4.49004e-05
0.292541 0.588927 4.72372e-05
0.289033 0.586699 4.75937e-05
0.286021 0.586479 4.92414e-05
0.288986 0.600286 5.05438e-05
0.285383 0.585295 6.90305e-05
0.281677 0.587244 6.93017e-05
0.28121 0.599126 7.01789e-05
0.279166 0.595453 7.05376e-05
0.120036 0.854031 2.32593e-06
0.120817 0.85356 5.90945e-06
0.116772 0.856552 7.1756e-06
0.121403 0.853404 9.17552e-06
0.117251 0.851753 1.0143e-05
0.117449 0.858188 1.41032e-05
0.122384 0.85508 1.42977e-05
0.114458 0.852008 2.42508e-05
0.113582 0.854141 2.57218e-05
0.115854 0.859239 2.90128e-05
0.121309 0.859654 3.24792e-05
0.123077 0.851052 3.252e-05
0.12239 0.850021 3.53157e-05
0.116633 0.860977 4.43592e-05
0.120838 0.848315 4.4666e-05
0.120868 0.861254 4.8971e-05
0.120316 0.861579 5.12143e-05
0.114976 0.861131 5.57014e-05
0.11137 0.857644 6.18333e-05
0.125946 0.8578 6.36021e-05
0.00294272 0.560493 4.96635e-06
0.00482548 0.562164 1.28795e-05
0.00420189 0.562547 1.53042e-05
0.00217192 0.555272 1.53111e-05
0.00882849 0.557857 2.22831e-05
0.0077965 0.562079 2.4995e-05
0.00952342 0.559944 3.03461e-05
0.000402075 0.553804 3.75562e-05
0.00221571 0.552424 4.24064e-05
0.0104773 0.55656 4.4054e-05
0.00375636 0.551967 4.46292e-05
0.00965864 0.562654 4.62478e-05
0.00362123 0.551749 4.77156e-05
0.0109358 0.556515 5.02324e-05
0.00159645 0.551275 6.07989e-05
0.00940186 0.552807 6.13038e-05
0.00434945 0.550178 7.15566e-05
0.0121893 0.561572 7.28961e-05
0.0036295 0.568136 9.0572e-05
0.0113611 0.565105 9.35358e-05
0.340559 0.942178 2.34383e-06
0.344517 0.9442 1.52476e-05
0.340024 0.944917 1.60439e-05
0.338659 0.938578 1.78558e-05
0.345554 0.945468 3.0698e-05
0.345054 0.93682 3.08048e-05
0.338722 0.946041 3.17665e-05
0.347234 0.94336 3.30574e-05
0.343643 0.935134 4.18693e-05
0.348184 0.939407 4.39366e-05
0.339773 0.947818 4.61371e-05
0.339832 0.934737 4.77981e-05
0.348929 0.942768 5.21628e-05
0.33554 0.937399 5.53962e-05
0.349429 0.941297 5.74867e-05
0.345072 0.948542 6.21262e-05
0.336693 0.935032 6.64837e-05
0.333647 0.94153 6.72734e-05
0.346371 0.934414 6.85834e-05
0.33753 0.948623 7.1536e-05
0.112163 0.270636 1.2198e-06
0.112694 0.270996 2.78775e-06
0.108913 0.269555 5.82325e-06
0.109397 0.268342 8.13355e-06
0.114232 0.267251 2.16854e-05
0.106394 0.269639 2.27973e-05
0.106628 0.272512 2.30636e-05
0.11323 0.265933 2.70587e-05
0.108366 0.275345 2.91982e-05
0.106476 0.273962 3.19051e-05
0.11673 0.272585 3.58668e-05
0.105121 0.272376 3.81987e-05
0.113305 0.264865 3.8624e-05
0.11696 0.267991 4.19446e-05
0.116909 0.274408 4.82736e-05
0.10769 0.277245 5.47132e-05
0.105838 0.263894 7.30363e-05
0.109701 0.279107 7.3202e-05
0.113154 0.279363 8.01367e-05
0.105931 0.278675 9.05283e-05
0.692255 0.0923047 4.1432e-06
0.689914 0.0943448 4.37256e-06
0.688079 0.0920578 4.62859e-06
0.692945 0.0916913 7.76944e-06
0.6886 0.0892733 1.16415e-05
0.690362 0.0883103 1.57492e-05
0.69464 0.0906971 2.20364e-05
0.691112 0.0876637 2.20716e-05
0.694873 0.0914094 2.24054e-05
0.693092 0.0962205 2.38048e-05
0.688059 0.0966754 2.40229e-05
0.69393 0.0958293 2.63883e-05
0.695436 0.0919224 2.7338e-05
0.684967 0.0925884 2.76844e-05
0.685932 0.0954161 2.82463e-05
0.694627 0.0953821 2.90677e-05
0.69443 0.0885419 3.16754e-05
0.688531 0.0976952 3.22183e-05
0.684556 0.0909407 3.38599e-05
0.685161 0.0952323 3.43264e-05
0.71239 0.576521 2.05351e-07
0.711263 0.577166 3.05514e-06
0.710955 0.577587 5.01971e-06
0.713251 0.573404 8.29898e-06
0.713313 0.57276 1.2435e-05
0.709569 0.57391 1.55161e-05
0.708594 0.576423 1.72702e-05
0.709536 0.579025 1.80541e-05
0.716072 0.573456 1.8817e-05
0.714996 0.580128 2.0184e-05
0.714698 0.580806 2.46639e-05
0.717282 0.573851 2.62812e-05
0.712884 0.581381 2.64524e-05
0.712814 0.581803 3.09524e-05
0.709134 0.571391 3.65565e-05
0.7154 0.570356 4.16678e-05
0.717126 0.580982 4.16728e-05
0.715269 0.570295 4.17149e-05
0.719339 0.574422 4.67847e-05
0.709588 0.570151 4.70416e-05
0.535299 0.469932 2.8993e-06
0.535234 0.474672 1.72456e-05
0.53943 0.467054 2.1238e-05
0.535485 0.466375 2.1285e-05
0.541603 0.469338 2.56311e-05
0.534004 0.464734 4.44979e-05
0.533338 0.464697 4.90578e-05
0.542384 0.466587 4.94616e-05
0.54346 0.468003 5.27789e-05
0.543187 0.467352 5.32734e-05
0.539123 0.47777 5.40476e-05
0.531127 0.466049 5.4377e-05
0.544185 0.469686 5.64094e-05
0.532858 0.464378 5.65764e-05
0.544417 0.472883 6.29575e-05
0.545036 0.470502 6.86091e-05
0.543055 0.46519 7.1219e-05
0.541995 0.477552 7.2894e-05
0.545225 0.472524 7.462e-05
0.533029 0.462982 7.51728e-05
0.602893 0.235863 2.68526e-07
0.603427 0.236722 1.67457e-06
0.604618 0.236078 2.40235e-06
0.601786 0.232888 8.55727e-06
0.603554 0.232409 9.35784e-06
0.601908 0.238338 1.00321e-05
0.605552 0.238164 1.28976e-05
0.605641 0.238174 1.33781e-05
0.600262 0.238077 1.55604e-05
0.601957 0.231483 1.72665e-05
0.599919 0.238023 1.7417e-05
0.607747 0.234704 2.12048e-05
0.603023 0.240406 2.46182e-05
0.605654 0.239963 2.63931e-05
0.608098 0.233566 2.75068e-05
0.598497 0.232406 3.13928e-05
0.607528 0.231726 3.25626e-05
0.600817 0.230076 3.45438e-05
0.608499 0.238247 3.58933e-05
0.598415 0.239572 3.99304e-05
0.724931 0.427018 7.64682e-06
0.728177 0.423122 7.96599e-06
0.73018 0.42427 1.00113e-05
0.729164 0.428695 1.11101e-05
0.723659 0.425802 1.42574e-05
0.729517 0.429515 1.78076e-05
0.727748 0.421525 1.87561e-05
0.729754 0.422027 1.99542e-05
0.731789 0.427689 2.23597e-05
0.731294 0.429323 2.69829e-05
0.722391 0.423572 3.06035e-05
0.731787 0.42967 3.35716e-05
0.72326 0.430946 4.34528e-05
0.731415 0.420532 4.40652e-05
0.73136 0.431644 4.9043e-05
0.723307 0.431613 5.03148e-05
0.720173 0.424971 5.34969e-05
0.734657 0.424611 5.36807e-05
0.720621 0.42307 5.41304e-05
0.734397 0.428455 5.5285e-05
0.803376 0.596624 3.95379e-06
0.802419 0.593264 5.52033e-06
0.802404 0.592818 7.14828e-06
0.801555 0.593998 7.5889e-06
0.807509 0.592958 1.44581e-05
0.801616 0.591202 1.96266e-05
0.801201 0.598092 1.96944e-05
0.807238 0.599401 3.0385e-05
0.808899 0.590564 4.02236e-05
0.810384 0.596797 4.23406e-05
0.810672 0.592456 4.75791e-05
0.797472 0.596474 4.7874e-05
0.806854 0.588284 4.96916e-05
0.79873 0.589377 5.93008e-05
0.809396 0.588843 6.27184e-05
0.797385 0.598876 6.2825e-05
0.804916 0.586792 6.48099e-05
0.805727 0.602747 6.53717e-05
0.808718 0.601767 6.89286e-05
0.797741 0.600411 7.29533e-05
0.63989 0.177533 1.7135e-06
0.639947 0.180234 3.41341e-06
0.642822 0.178257 4.53859e-06
0.639015 0.176117 8.80922e-06
0.637634 0.178811 9.54013e-06
0.643915 0.178699 1.02793e-05
0.636901 0.177707 1.5236e-05
0.6429 0.175214 1.59236e-05
0.643765 0.175817 1.67958e-05
0.644615 0.181293 2.27482e-05
0.635934 0.178435 2.28444e-05
0.638085 0.174438 2.38263e-05
0.640484 0.183479 2.43353e-05
0.645356 0.176004 2.80529e-05
0.640223 0.183992 2.98375e-05
0.646585 0.177081 3.6654e-05
0.637285 0.173267 3.96747e-05
0.638197 0.18461 4.30326e-05
0.64656 0.182139 4.70716e-05
0.633779 0.180015 5.02028e-05
0.963991 0.129946 4.16668e-07
0.965952 0.129527 2.51545e-06
0.96596 0.126971 8.5424e-06
0.967361 0.129462 8.9489e-06
0.967716 0.128866 1.15106e-05
0.963155 0.126162 1.21083e-05
0.961176 0.130977 1.26129e-05
0.961108 0.131458 1.47783e-05
0.968012 0.130662 1.48028e-05
0.96791 0.131006 1.50419e-05
0.968231 0.128568 1.56425e-05
0.960065 0.127439 2.2469e-05
0.963161 0.123632 3.50003e-05
0.970399 0.128693 3.68876e-05
0.961757 0.13494 3.72586e-05
0.95881 0.132791 4.22547e-05
0.957928 0.132015 4.82094e-05
0.971219 0.127247 5.16448e-05
0.970614 0.134408 6.38396e-05
0.969782 0.123383 6.57676e-05
0.0353058 0.932139 1.06923e-06
0.0366644 0.933728 1.44643e-06
0.037873 0.93443 6.76014e-06
0.0337592 0.935136 7.53595e-06
0.0374949 0.930941 8.25425e-06
0.0338466 0.929708 1.48265e-05
0.0387345 0.929791 2.07685e-05
0.0392668 0.936379 2.38665e-05
0.038554 0.928243 3.23938e-05
0.0384922 0.927625 3.84475e-05
0.0380106 0.939833 5.07141e-05
0.0421245 0.936746 5.53692e-05
0.028418 0.935559 5.78787e-05
0.0289747 0.936878 5.83322e-05
0.0348908 0.925348 6.09824e-05
0.0375256 0.940746 6.17239e-05
0.0277027 0.932542 6.31041e-05
0.0394888 0.926041 6.50753e-05
0.0415538 0.93866 6.58122e-05
0.0403426 0.939962 6.90293e-05
0.453467 0.787351 6.6607e-06
0.454898 0.785184 8.57528e-06
0.455893 0.791169 1.0688e-05
0.45947 0.78625 1.48445e-05
0.451295 0.788038 2.20489e-05
0.451839 0.783855 3.35985e-05
0.461519 0.789813 3.42433e-05
0.449866 0.788161 3.75529e-05
0.461993 0.786174 3.9031e-05
0.452744 0.79362 4.32241e-05
0.450089 0.791063 4.47962e-05
0.461761 0.784196 4.70518e-05
0.451253 0.792988 4.8297e-05
0.449377 0.785677 4.86685e-05
0.449238 0.785958 4.93459e-05
0.462912 0.786313 5.0452e-05
0.456824 0.794986 5.08938e-05
0.448854 0.788336 5.10971e-05
0.449835 0.783444 5.77318e-05
0.463684 0.786354 6.16167e-05
0.885847 0.62027 4.02858e-06
0.887111 0.616751 1.12109e-05
0.889275 0.616315 1.57884e-05
0.882671 0.620907 2.74961e-05
0.882744 0.621452 2.80143e-05
0.886544 0.625421 3.08511e-05
0.893413 0.618429 3.35956e-05
0.887252 0.614199 3.4221e-05
0.882249 0.617013 4.02851e-05
0.891487 0.625715 4.5753e-05
0.894764 0.621814 5.11739e-05
0.888895 0.627492 5.69591e-05
0.881688 0.615518 5.80943e-05
0.890511 0.612653 6.14071e-05
0.884463 0.612913 6.19013e-05
0.881145 0.61583 6.23615e-05
0.889936 0.612148 6.63525e-05
0.881795 0.614494 6.70617e-05
0.880242 0.616151 7.2675e-05
0.887232 0.611431 7.41268e-05
0.450442 0.76902 8.90552e-07
0.451786 0.769945 4.95418e-06
0.448016 0.771038 5.00935e-06
0.452375 0.769263 7.67702e-06
0.447435 0.771349 8.27546e-06
0.448976 0.766618 8.52998e-06
0.452803 0.7697 1.02382e-05
0.448082 0.772861 1.38486e-05
0.451232 0.773055 1.54872e-05
0.445611 0.770589 1.72639e-05
0.445312 0.76855 1.93361e-05
0.450396 0.773967 2.0855e-05
0.448372 0.765049 2.10638e-05
0.449773 0.76488 2.10782e-05
0.449035 0.764189 2.82012e-05
0.445703 0.77357 3.21044e-05
0.455284 0.76905 3.23464e-05
0.452732 0.774389 3.39437e-05
0.446517 0.764407 3.51984e-05
0.449569 0.775559 3.70991e-05
0.601867 0.532004 9.11464e-07
0.603338 0.53432 5.22715e-06
0.600023 0.534751 5.7296e-06
0.602321 0.535795 8.97145e-06
0.598514 0.531861 1.02642e-05
0.597337 0.532363 1.79957e-05
0.600572 0.528452 2.07536e-05
0.605571 0.53006 2.42941e-05
0.597248 0.53043 2.4571e-05
0.606222 0.534869 2.57483e-05
0.596387 0.531242 2.93553e-05
0.602605 0.527299 3.25186e-05
0.607827 0.535794 4.78284e-05
0.600616 0.539782 4.8191e-05
0.601981 0.525846 4.99897e-05
0.594581 0.530204 5.57715e-05
0.599096 0.525578 5.96421e-05
0.595464 0.527821 6.27952e-05
0.608717 0.529432 6.34886e-05
0.593523 0.533585 6.48095e-05
0.714093 0.24731 4.26018e-06
0.716521 0.246053 4.93718e-06
0.712366 0.244056 5.7877e-06
0.711776 0.244402 7.85602e-06
0.711025 0.245568 1.17441e-05
0.71779 0.246229 1.2135e-05
0.716947 0.24277 1.25647e-05
0.716642 0.248362 1.43807e-05
0.71163 0.242669 1.46878e-05
0.714097 0.240919 1.90956e-05
0.710331 0.248315 2.61201e-05
0.715993 0.239598 3.46513e-05
0.717276 0.250538 3.57383e-05
0.717548 0.250455 3.64918e-05
0.717592 0.240088 3.68549e-05
0.711213 0.239675 4.17746e-05
0.720963 0.246288 4.35805e-05
0.720506 0.242579 4.40728e-05
0.710863 0.251004 4.56012e-05
0.721403 0.245129 4.85172e-05
0.527446 0.0681326 2.35776e-06
0.526912 0.0679299 2.66228e-06
0.527236 0.0676098 3.93221e-06
0.524583 0.0710045 7.37452e-06
0.524385 0.0709345 8.12647e-06
0.524226 0.0706209 8.18479e-06
0.529947 0.0697865 9.43422e-06
0.525613 0.0735122 1.72257e-05
0.525192 0.0734404 1.7911e-05
0.525503 0.073612 1.83156e-05
0.530813 0.0719729 2.12527e-05
0.522753 0.066827 2.45401e-05
0.525301 0.0646247 2.68754e-05
0.526866 0.0750845 3.05067e-05
0.530172 0.0745153 3.53538e-05
0.52364 0.0746171 3.60832e-05
0.520934 0.0676343 3.91091e-05
0.533026 0.0721321 4.43378e-05
0.527726 0.0766852 5.14604e-05
0.53275 0.0652951 5.26102e-05
0.013199 0.268615 1.86353e-06
0.0153473 0.266797 2.3841e-06
0.0140937 0.269744 3.00018e-06
0.0149004 0.269728 3.04086e-06
0.0162846 0.27011 7.66259e-06
0.0176295 0.269769 1.31421e-05
0.0125306 0.264783 1.42933e-05
0.0170808 0.270935 1.532e-05
0.018291 0.269595 1.72276e-05
0.018856 0.269573 2.18311e-05
0.00895251 0.267927 3.0126e-05
0.0193296 0.271201 3.38608e-05
0.00860515 0.269257 3.55091e-05
0.0107169 0.272959 3.79922e-05
0.0191485 0.26309 4.67359e-05
0.0182073 0.273759 4.6823e-05
0.0137646 0.274885 4.72294e-05
0.00762835 0.266661 4.83159e-05
0.0175023 0.261718 4.94243e-05
0.0186212 0.261936 5.48188e-05
0.423579 0.557206 4.7122e-06
0.425715 0.554869 5.54076e-06
0.423513 0.55443 1.28037e-05
0.427349 0.553784 1.43843e-05
0.423495 0.561707 2.51962e-05
0.42741 0.552353 2.64749e-05
0.421562 0.560594 2.88978e-05
0.426548 0.562793 3.16634e-05
0.426435 0.562925 3.29815e-05
0.42864 0.562671 3.80404e-05
0.431705 0.559553 4.09054e-05
0.427756 0.563339 4.14367e-05
0.431959 0.555463 4.16544e-05
0.420858 0.561822 4.50844e-05
0.425302 0.564003 4.61759e-05
0.43124 0.561899 5.20125e-05
0.428271 0.5502 5.5678e-05
0.421193 0.563223 5.67647e-05
0.417973 0.557322 6.04832e-05
0.418777 0.55328 6.41536e-05
0.272674 0.119085 8.73707e-06
0.272359 0.117294 9.68492e-06
0.266808 0.11778 9.84899e-06
0.266999 0.120789 1.0814e-05
0.271648 0.122208 1.43548e-05
0.268889 0.122822 1.5719e-05
0.265986 0.121772 2.19388e-05
0.271093 0.123727 2.47399e-05
0.274905 0.118385 2.71794e-05
0.265235 0.123299 3.90813e-05
0.263537 0.117661 3.98979e-05
0.267301 0.124828 4.04591e-05
0.27585 0.116401 4.40315e-05
0.276498 0.119836 4.67171e-05
0.267501 0.112141 5.12327e-05
0.266043 0.112783 5.15136e-05
0.271889 0.126073 5.54898e-05
0.264418 0.113112 6.21573e-05
0.276605 0.114449 6.76051e-05
0.26379 0.113239 6.77434e-05
0.356022 0.273018 6.38152e-06
0.355601 0.270775 6.74362e-06
0.356703 0.268978 8.52124e-06
0.360396 0.273343 8.57339e-06
0.360053 0.269093 9.94564e-06
0.359351 0.275343 1.59883e-05
0.358416 0.275982 1.97339e-05
0.361313 0.275026 2.25273e-05
0.356402 0.267094 2.269e-05
0.360852 0.275839 2.60613e-05
0.355577 0.276274 2.85603e-05
0.363474 0.270614 2.99928e-05
0.353543 0.274945 3.20788e-05
0.36219 0.276114 3.77188e-05
0.364537 0.271795 4.17671e-05
0.356634 0.278126 4.52961e-05
0.364953 0.271308 4.732e-05
0.357084 0.264428 5.17508e-05
0.361051 0.264787 5.46041e-05
0.356491 0.278958 5.73716e-05
0.45335 0.967803 1.44536e-06
0.452748 0.96821 3.4325e-06
0.452637 0.967711 3.67146e-06
0.452225 0.966067 8.37096e-06
0.453665 0.964018 1.49918e-05
0.4586 0.965811 2.02926e-05
0.452265 0.971955 2.26039e-05
0.449702 0.967943 2.35451e-05
0.45101 0.964467 2.35674e-05
0.45178 0.972281 2.78788e-05
0.457454 0.96312 3.02062e-05
0.459142 0.971159 3.24457e-05
0.448229 0.966565 4.14735e-05
0.458242 0.973131 4.21763e-05
0.451951 0.973914 4.43031e-05
0.451682 0.96163 4.61501e-05
0.458504 0.962 4.91095e-05
0.452278 0.974775 5.39991e-05
0.456852 0.96051 5.82413e-05
0.45481 0.975473 5.91322e-05
0.967231 0.502081 1.54411e-06
0.967085 0.501548 3.15954e-06
0.969155 0.503191 3.89913e-06
0.967832 0.501402 4.11096e-06
0.969094 0.505727 9.4219e-06
0.963083 0.504813 1.90425e-05
0.970556 0.500266 2.07111e-05
0.965977 0.507832 2.17928e-05
0.966336 0.507924 2.18923e-05
0.963141 0.50648 2.63166e-05
0.967306 0.497275 3.6589e-05
0.963729 0.498136 3.88511e-05
0.962419 0.499234 3.94398e-05
0.973531 0.503889 4.0595e-05
0.961376 0.500689 4.06893e-05
0.973778 0.50446 4.47618e-05
0.974316 0.50199 5.26294e-05
0.960671 0.50671 5.39022e-05
0.972363 0.497657 5.8914e-05
0.96911 0.495443 6.58017e-05
0.76991 0.822535 1.21255e-06
0.769695 0.824841 1.58929e-06
0.7715 0.824651 3.17502e-06
0.769672 0.820968 7.21474e-06
0.767324 0.823876 7.44033e-06
0.772576 0.825179 8.8311e-06
0.769668 0.826872 1.06612e-05
0.770082 0.820269 1.12874e-05
0.76834 0.826925 1.37581e-05
0.773847 0.823162 1.47026e-05
0.769693 0.819619 1.6199e-05
0.766417 0.825436 1.63992e-05
0.767129 0.82668 1.77929e-05
0.771427 0.819289 2.07512e-05
0.768053 0.8192 2.35635e-05
0.768283 0.819044 2.41103e-05
0.772464 0.819141 2.60047e-05
0.767559 0.82832 2.8175e-05
0.765789 0.820371 2.86888e-05
0.775239 0.821622 3.10451e-05
0.707988 0.33019 8.95351e-07
0.706045 0.330654 2.99541e-06
0.706712 0.329133 4.87246e-06
0.710674 0.330438 9.17228e-06
0.704342 0.331347 1.14616e-05
0.70529 0.328555 1.23591e-05
0.707538 0.33537 1.8293e-05
0.706133 0.335371 2.07816e-05
0.704885 0.327431 2.14652e-05
0.709619 0.335397 2.2104e-05
0.702156 0.329841 3.25184e-05
0.707264 0.337302 3.87117e-05
0.701534 0.329128 4.21243e-05
0.710328 0.325111 4.26457e-05
0.701234 0.329499 4.46047e-05
0.700757 0.331237 4.84785e-05
0.71487 0.331664 5.14664e-05
0.700021 0.329053 6.34321e-05
0.701908 0.337328 7.25827e-05
0.703984 0.323313 7.45346e-05
0.643765 0.175817 1.85565e-06
0.645356 0.176004 2.46558e-06
0.643915 0.178699 2.6643e-06
0.642822 0.178257 3.32424e-06
0.6429 0.175214 5.31351e-06
0.646585 0.177081 5.55093e-06
0.646549 0.173996 1.50013e-05
0.644615 0.181293 1.77492e-05
0.63989 0.177533 1.90124e-05
0.639015 0.176117 2.81488e-05
0.639947 0.180234 2.81638e-05
0.64656 0.182139 3.08534e-05
0.649523 0.1752 3.1626e-05
0.649965 0.173778 4.39293e-05
0.638085 0.174438 4.4823e-05
0.637634 0.178811 4.64244e-05
0.643249 0.170271 4.75683e-05
0.650611 0.180685 5.36016e-05
0.636901 0.177707 5.4068e-05
0.640484 0.183479 5.47472e-05
0.814364 0.699272 2.01516e-06
0.815841 0.699626 3.33576e-06
0.816709 0.700568 5.54132e-06
0.816685 0.701773 6.58478e-06
0.814876 0.698132 6.81775e-06
0.811683 0.70333 1.41163e-05
0.81065 0.702484 1.69603e-05
0.818032 0.698673 1.75757e-05
0.817978 0.703 1.84352e-05
0.812783 0.696066 2.38736e-05
0.814491 0.694729 3.5569e-05
0.81812 0.69595 3.66354e-05
0.819505 0.697454 3.69789e-05
0.808618 0.702839 3.75552e-05
0.812307 0.69438 4.40473e-05
0.808055 0.702841 4.43436e-05
0.815896 0.694067 4.62514e-05
0.808897 0.704843 4.70474e-05
0.819942 0.696585 4.80538e-05
0.821204 0.699425 4.8469e-05
0.691129 0.974052 1.02498e-06
0.68975 0.972117 2.16176e-06
0.689818 0.975185 5.55161e-06
0.690909 0.970483 6.7214e-06
0.689839 0.975735 8.12744e-06
0.688408 0.975383 1.13639e-05
0.687209 0.974881 1.6627e-05
0.687701 0.970038 1.92321e-05
0.686003 0.972007 2.47767e-05
0.688288 0.968549 2.7123e-05
0.686014 0.970415 3.06054e-05
0.694484 0.96876 3.17127e-05
0.691063 0.978704 3.17257e-05
0.68658 0.976761 3.19478e-05
0.685653 0.969518 3.98206e-05
0.69275 0.979383 4.33499e-05
0.684802 0.969796 4.75101e-05
0.684104 0.971398 4.85144e-05
0.691068 0.980078 4.90817e-05
0.691168 0.965552 5.66768e-05
0.626526 0.0269489 9.27998e-06
0.626029 0.0299001 1.30024e-05
0.624752 0.0224874 2.49828e-05
0.618707 0.0295939 2.81404e-05
0.623827 0.0219715 2.87872e-05
0.618767 0.0299811 2.9475e-05
0.624645 0.0219208 3.0532e-05
0.622162 0.0336757 4.21038e-05
0.617457 0.0298944 4.31493e-05
0.61652 0.0289473 5.13874e-05
0.630716 0.0266843 5.24441e-05
0.619688 0.0338088 5.65638e-05
0.626434 0.0201014 6.08026e-05
0.61573 0.0252153 6.48813e-05
0.615337 0.0259796 6.84988e-05
0.61545 0.0252867 6.90178e-05
0.62516 0.0355344 7.01049e-05
0.632088 0.0260041 7.54605e-05
0.617446 0.0204261 8.43056e-05
0.62028 0.018583 8.68456e-05
0.257575 0.886055 9.15317e-07
0.255974 0.886316 5.73843e-06
0.260877 0.885765 7.76106e-06
0.257233 0.8825 8.53043e-06
0.256279 0.888171 1.18058e-05
0.262273 0.886936 1.98861e-05
0.254519 0.888576 2.39389e-05
0.25554 0.880655 2.81048e-05
0.252775 0.884044 3.02385e-05
0.258478 0.879489 3.36402e-05
0.254887 0.890424 3.70121e-05
0.254118 0.880483 3.91195e-05
0.260185 0.891347 4.10266e-05
0.261483 0.87977 4.15624e-05
0.252155 0.882407 4.39945e-05
0.258439 0.892119 4.68863e-05
0.25116 0.885785 4.88918e-05
0.25405 0.87892 5.71124e-05
0.265322 0.888784 6.39601e-05
0.258196 0.89368 7.05923e-05
0.431578 0.810798 3.96609e-06
0.43126 0.810089 7.45603e-06
0.433985 0.814276 7.53594e-06
0.431465 0.809494 1.08928e-05
0.428217 0.812812 1.19788e-05
0.429597 0.815614 1.23183e-05
0.4323 0.81659 1.48526e-05
0.427766 0.811069 1.82595e-05
0.433536 0.808725 1.99492e-05
0.428061 0.815615 2.10802e-05
0.426988 0.813269 2.22305e-05
0.434009 0.808033 2.80357e-05
0.433656 0.817835 2.93974e-05
0.427353 0.816089 2.96164e-05
0.427148 0.809552 3.09879e-05
0.434787 0.808121 3.14359e-05
0.426296 0.81107 3.19195e-05
0.426597 0.815523 3.32976e-05
0.425824 0.812085 3.47644e-05
0.431142 0.806847 3.55738e-05
0.986202 0.448684 1.78688e-06
0.984995 0.448881 2.74898e-06
0.985329 0.445803 2.80428e-06
0.984118 0.446602 3.4059e-06
0.983203 0.446233 8.0135e-06
0.982108 0.446335 1.46096e-05
0.984736 0.443287 1.81356e-05
0.990754 0.447946 2.50816e-05
0.984032 0.442563 2.65958e-05
0.981989 0.451047 2.75024e-05
0.984988 0.442064 2.92695e-05
0.990698 0.445051 2.98385e-05
0.992292 0.446059 4.43286e-05
0.979828 0.451893 5.53833e-05
0.981823 0.440999 5.68101e-05
0.980945 0.453361 5.86528e-05
0.985408 0.439617 6.09736e-05
0.992839 0.450797 6.1338e-05
0.988932 0.454706 6.31062e-05
0.986878 0.43939 6.56506e-05
0.386285 0.533208 6.57267e-07
0.386046 0.535657 6.87524e-06
0.384261 0.5325 8.59759e-06
0.383902 0.533356 1.02027e-05
0.39076 0.534885 1.60966e-05
0.391066 0.533866 1.61485e-05
0.391665 0.531745 2.31662e-05
0.392289 0.532521 2.75209e-05
0.392355 0.533344 2.76825e-05
0.386054 0.538587 2.95235e-05
0.381885 0.535167 3.07981e-05
0.381557 0.532695 3.0976e-05
0.381547 0.531616 3.34548e-05
0.381237 0.53338 3.43231e-05
0.381036 0.531409 4.01157e-05
0.385041 0.539319 4.10082e-05
0.393028 0.530831 4.10772e-05
0.382539 0.537869 4.20474e-05
0.380617 0.534627 4.38379e-05
0.384553 0.526988 4.57213e-05
0.701902 0.671702 5.1964e-06
0.7059 0.67126 5.4508e-06
0.701305 0.671975 7.63137e-06
0.707324 0.670787 1.44032e-05
0.706789 0.669794 1.57288e-05
0.706977 0.669971 1.5853e-05
0.699936 0.669643 2.52572e-05
0.699748 0.675595 2.69489e-05
0.702423 0.677597 2.73533e-05
0.705535 0.667608 2.73752e-05
0.698815 0.67417 2.92641e-05
0.709109 0.67492 3.15076e-05
0.700337 0.676945 3.21799e-05
0.698998 0.669421 3.51119e-05
0.698051 0.67033 4.0516e-05
0.70746 0.678209 4.33836e-05
0.707315 0.666729 4.5584e-05
0.700429 0.666491 5.01233e-05
0.697537 0.675974 5.30294e-05
0.708347 0.666348 5.81353e-05
0.309301 0.203934 2.85431e-07
0.307316 0.2028 3.10357e-06
0.310479 0.204777 3.92979e-06
0.306722 0.202928 5.13672e-06
0.307922 0.201433 5.60747e-06
0.306464 0.202818 6.48214e-06
0.30931 0.20105 6.6549e-06
0.306088 0.205271 1.06532e-05
0.307403 0.200025 1.4951e-05
0.308534 0.199588 1.61803e-05
0.309299 0.207727 1.72445e-05
0.311909 0.200675 1.76482e-05
0.312544 0.207156 2.60458e-05
0.303958 0.205542 2.81049e-05
0.30399 0.207422 3.86464e-05
0.306474 0.209432 3.9907e-05
0.304348 0.198559 4.59749e-05
0.308138 0.196683 4.83391e-05
0.311656 0.197048 5.05214e-05
0.301871 0.205887 5.44927e-05
0.831661 0.189496 2.00522e-06
0.827594 0.18933 1.31863e-05
0.832259 0.191687 1.34925e-05
0.834576 0.186996 1.39184e-05
0.834672 0.189376 1.44562e-05
0.831617 0.192704 2.04391e-05
0.835853 0.188383 2.30839e-05
0.826229 0.186322 2.68453e-05
0.832456 0.182726 3.2147e-05
0.831166 0.182383 3.40673e-05
0.825816 0.1855 3.47969e-05
0.82789 0.183082 3.63695e-05
0.83441 0.193311 3.72135e-05
0.837025 0.186726 3.79181e-05
0.826998 0.183447 3.91929e-05
0.830327 0.181287 4.85753e-05
0.827165 0.182336 4.96968e-05
0.825043 0.192429 5.38221e-05
0.8288 0.195306 5.52954e-05
0.824378 0.191519 5.54203e-05
0.749796 0.831467 1.43167e-06
0.752075 0.833554 7.37222e-06
0.753502 0.829573 8.90778e-06
0.753368 0.829144 9.72572e-06
0.752828 0.827817 1.43147e-05
0.748009 0.834123 1.77383e-05
0.747459 0.828412 1.92403e-05
0.751067 0.826689 1.93961e-05
0.755341 0.829898 2.08615e-05
0.750961 0.826172 2.41994e-05
0.754148 0.826888 2.80061e-05
0.753291 0.825009 4.25613e-05
0.744669 0.833031 4.29949e-05
0.753822 0.837091 4.43508e-05
0.744466 0.829357 4.4819e-05
0.747568 0.836936 4.54797e-05
0.749727 0.824396 4.62735e-05
0.744093 0.831121 4.67696e-05
0.744536 0.83357 4.70603e-05
0.743953 0.830774 4.88081e-05
0.674913 0.27634 4.82461e-06
0.6708 0.275411 4.8957e-06
0.675111 0.276776 5.77401e-06
0.675742 0.276998 9.35508e-06
0.675053 0.278955 1.14334e-05
0.670025 0.279167 1.43603e-05
0.66854 0.274378 2.20203e-05
0.677533 0.276064 2.3332e-05
0.667662 0.276898 2.57717e-05
0.677636 0.274925 2.6639e-05
0.671699 0.271027 3.10612e-05
0.668669 0.272272 3.4357e-05
0.677313 0.272791 3.48677e-05
0.678783 0.277201 3.72063e-05
0.675188 0.27076 3.90801e-05
0.667785 0.272668 3.91019e-05
0.66744 0.271941 4.87467e-05
0.670607 0.269837 4.89477e-05
0.679761 0.276362 4.9559e-05
0.670991 0.269587 5.08647e-05
0.968776 0.0638746 8.31543e-07
0.971672 0.062788 6.64735e-06
0.970118 0.0610269 1.09925e-05
0.966073 0.0638773 1.24969e-05
0.971817 0.067104 1.28558e-05
0.973566 0.062756 1.82468e-05
0.965359 0.065318 1.88826e-05
0.972594 0.0679602 2.2469e-05
0.975175 0.062948 3.30964e-05
0.975414 0.0666959 3.97415e-05
0.963682 0.0618967 4.05992e-05
0.975426 0.0675386 4.46359e-05
0.962762 0.0623054 5.05066e-05
0.963151 0.0674552 5.13323e-05
0.966055 0.0708198 5.49665e-05
0.97611 0.0605441 5.67025e-05
0.965691 0.0711647 6.22898e-05
0.9622 0.068186 6.96136e-05
0.97424 0.0567763 7.82771e-05
0.965466 0.0721558 7.86781e-05
0.478862 0.916497 2.81775e-06
0.47909 0.912634 7.37006e-06
0.477708 0.918231 9.89626e-06
0.474335 0.913991 1.42228e-05
0.479841 0.918583 1.57866e-05
0.481824 0.913981 1.63116e-05
0.480843 0.918251 1.8387e-05
0.477884 0.910659 1.96675e-05
0.474236 0.919376 3.20673e-05
0.480986 0.910313 3.21252e-05
0.472965 0.910994 4.15765e-05
0.484195 0.913359 4.21175e-05
0.484318 0.910569 6.11275e-05
0.473612 0.908517 6.19909e-05
0.481246 0.922547 6.64823e-05
0.480394 0.922975 6.81365e-05
0.482853 0.908431 6.85165e-05
0.478211 0.906816 6.85923e-05
0.470044 0.912584 6.86685e-05
0.483475 0.908758 7.07609e-05
0.845667 0.237046 5.76525e-07
0.844509 0.236317 2.09461e-06
0.847392 0.234848 4.29943e-06
0.845963 0.23329 9.3241e-06
0.842425 0.236381 1.24718e-05
0.849373 0.234578 1.4793e-05
0.841637 0.235056 2.03167e-05
0.844079 0.232203 2.06674e-05
0.844839 0.231423 2.54635e-05
0.850775 0.237881 2.55829e-05
0.84137 0.239495 3.09629e-05
0.840057 0.238711 4.04046e-05
0.841169 0.232077 4.11256e-05
0.847725 0.242893 4.60224e-05
0.852835 0.233293 5.66189e-05
0.850656 0.229807 6.48179e-05
0.846088 0.228044 6.89009e-05
0.848305 0.244443 7.1106e-05
0.849264 0.244239 7.32752e-05
0.852359 0.230134 7.9553e-05
0.854899 0.298176 2.78223e-06
0.855125 0.295922 3.02741e-06
0.855875 0.300443 1.04789e-05
0.859387 0.299175 1.34815e-05
0.85406 0.293962 1.55745e-05
0.854787 0.293407 1.68195e-05
0.858901 0.300899 2.03699e-05
0.856516 0.301777 2.07332e-05
0.862328 0.298472 3.82161e-05
0.860313 0.292345 4.0184e-05
0.854145 0.291245 4.03474e-05
0.862142 0.300329 4.4058e-05
0.859542 0.291344 4.53325e-05
0.858265 0.290733 4.61785e-05
0.863221 0.296649 4.86269e-05
0.851306 0.292075 5.12385e-05
0.853778 0.290399 5.28916e-05
0.863067 0.294474 5.37677e-05
0.850803 0.292173 5.54805e-05
0.857643 0.304649 5.69218e-05
0.479328 0.0114137 4.19934e-06
0.480956 0.0123267 8.14103e-06
0.477654 0.0114649 1.01835e-05
0.479813 0.0128876 1.11764e-05
0.484422 0.00863041 1.85258e-05
0.476413 0.0116478 1.88193e-05
0.475967 0.00821439 1.9937e-05
0.482246 0.0142458 2.5968e-05
0.485906 0.00981383 3.23719e-05
0.48069 0.0161071 4.29596e-05
0.482157 0.00299131 4.70188e-05
0.477288 0.00318592 4.93545e-05
0.487695 0.0091272 5.60566e-05
0.479372 0.00157327 6.46611e-05
0.483644 0.0173735 7.26156e-05
0.471548 0.00998766 7.54096e-05
0.480263 0.000815858 7.66287e-05
0.483108 0.017855 7.69813e-05
0.48814 0.0134148 7.74992e-05
0.488805 0.00719639 7.93115e-05
0.319967 0.564991 5.95744e-06
0.319614 0.562594 1.62377e-05
0.317288 0.570299 1.69461e-05
0.319425 0.562358 1.73806e-05
0.313763 0.5653 1.76238e-05
0.314796 0.569242 1.85083e-05
0.32272 0.565556 2.4073e-05
0.314276 0.569864 2.60999e-05
0.321845 0.562692 2.8343e-05
0.323276 0.566788 2.96591e-05
0.323501 0.568615 3.75533e-05
0.317169 0.560099 3.79639e-05
0.3234 0.56325 3.95403e-05
0.318507 0.559636 4.37942e-05
0.324424 0.56447 4.61646e-05
0.314318 0.572034 4.63203e-05
0.311785 0.562987 4.73513e-05
0.324271 0.568786 4.76871e-05
0.320628 0.57274 5.01475e-05
0.312724 0.571423 5.34195e-05
0.798141 0.9567 1.7027e-06
0.799329 0.958642 4.86954e-06
0.796068 0.959971 6.65592e-06
0.79467 0.957775 7.05142e-06
0.794808 0.956753 7.26532e-06
0.800172 0.956433 9.75809e-06
0.795125 0.961171 1.67617e-05
0.795898 0.961823 1.88853e-05
0.79505 0.953502 2.29425e-05
0.80099 0.954484 2.38911e-05
0.797988 0.962796 2.62266e-05
0.799307 0.952598 3.01369e-05
0.802359 0.960641 3.38913e-05
0.803623 0.957919 3.97113e-05
0.799126 0.964319 4.68213e-05
0.791496 0.961549 4.86521e-05
0.798286 0.965535 6.20346e-05
0.805374 0.957433 6.48698e-05
0.791829 0.951614 6.74608e-05
0.79116 0.952276 6.76228e-05
0.265099 0.962388 6.44418e-06
0.262457 0.966416 9.16536e-06
0.265445 0.961114 1.46561e-05
0.266647 0.969463 2.29928e-05
0.269747 0.96724 2.7014e-05
0.262697 0.969669 2.82263e-05
0.270541 0.964677 2.97447e-05
0.263112 0.959792 3.02901e-05
0.265633 0.97046 3.09109e-05
0.263242 0.959674 3.10121e-05
0.261434 0.959852 3.91339e-05
0.259059 0.966724 3.96323e-05
0.258991 0.962417 4.35227e-05
0.267992 0.958979 4.37755e-05
0.262355 0.970961 4.39112e-05
0.258461 0.964155 4.45739e-05
0.26526 0.958017 4.77679e-05
0.267729 0.971368 4.84419e-05
0.259013 0.968832 5.22215e-05
0.264912 0.972242 5.35439e-05
0.0158208 0.0170369 1.56845e-06
0.0137835 0.0200592 6.07439e-06
0.0122321 0.0168811 7.84548e-06
0.015863 0.0207035 9.18162e-06
0.0191409 0.0163619 2.04991e-05
0.0101361 0.0161829 2.5097e-05
0.0107648 0.0142474 2.97219e-05
0.00928951 0.0182326 3.12106e-05
0.00963695 0.0151202 3.47228e-05
0.0145072 0.0240618 3.87961e-05
0.0126708 0.0117438 4.20087e-05
0.00962638 0.0225314 4.93961e-05
0.0218297 0.0146162 5.89555e-05
0.0196015 0.0239674 5.99618e-05
0.0228631 0.0160827 6.71077e-05
0.00665102 0.0180459 6.74707e-05
0.0142445 0.00926773 7.39228e-05
0.0113116 0.00991109 7.55299e-05
0.0158589 0.0091311 7.68956e-05
0.00976716 0.0105937 7.85203e-05
0.69324 0.865495 1.5058e-06
0.692383 0.865555 3.73388e-06
0.696239 0.863705 5.55828e-06
0.696471 0.862467 1.03069e-05
0.697583 0.864165 1.26762e-05
0.689334 0.865943 2.40801e-05
0.692967 0.859624 2.56176e-05
0.688704 0.866252 3.13587e-05
0.689221 0.867607 3.25074e-05
0.690427 0.869185 3.43994e-05
0.696791 0.859361 3.46668e-05
0.687592 0.864208 4.17794e-05
0.697715 0.859066 4.37532e-05
0.693163 0.871839 5.36254e-05
0.686155 0.865414 6.29663e-05
0.694339 0.872581 6.42775e-05
0.696257 0.872288 6.44734e-05
0.686353 0.866883 6.45278e-05
0.697067 0.872475 7.16254e-05
0.685815 0.862085 7.3916e-05
0.672529 0.408517 7.52719e-06
0.668293 0.405582 8.68484e-06
0.668596 0.411641 1.4e-05
0.666098 0.407134 1.47697e-05
0.665898 0.408965 1.60965e-05
0.673821 0.409105 1.70327e-05
0.666981 0.404506 2.0989e-05
0.66966 0.40325 2.35923e-05
0.673552 0.404707 2.54951e-05
0.664637 0.408065 2.68356e-05
0.672783 0.40381 2.72426e-05
0.674855 0.406068 2.95278e-05
0.663883 0.407414 3.56881e-05
0.671448 0.402247 3.69665e-05
0.663979 0.410472 3.96818e-05
0.671671 0.414553 4.50274e-05
0.664406 0.403474 5.07226e-05
0.676981 0.406436 5.4113e-05
0.668716 0.400808 5.44514e-05
0.668641 0.415682 5.88022e-05
0.217837 0.745175 1.41689e-06
0.218131 0.744667 1.64375e-06
0.218196 0.742905 4.31027e-06
0.217521 0.746911 6.2725e-06
0.216812 0.747367 8.25281e-06
0.220476 0.746697 1.7926e-05
0.217048 0.748736 1.80185e-05
0.215364 0.748525 1.84749e-05
0.220427 0.741804 1.9961e-05
0.2183 0.748746 2.01458e-05
0.219978 0.747845 2.09406e-05
0.216321 0.74908 2.13144e-05
0.212126 0.746329 2.57734e-05
0.217633 0.739438 2.61757e-05
0.221673 0.742567 2.68801e-05
0.211692 0.742929 2.9167e-05
0.222592 0.743179 3.45886e-05
0.214683 0.750115 3.63262e-05
0.213848 0.749777 3.69747e-05
0.213211 0.739493 3.83393e-05
0.512447 0.626686 2.35841e-07
0.512754 0.626337 6.18517e-07
0.514293 0.624082 1.12619e-05
0.510979 0.630395 1.60193e-05
0.508946 0.6237 1.72282e-05
0.509036 0.62335 1.87805e-05
0.512272 0.631208 2.20414e-05
0.506996 0.627076 2.52425e-05
0.516536 0.629094 2.72851e-05
0.506913 0.624608 2.94334e-05
0.506479 0.627178 3.07912e-05
0.511323 0.620908 3.19564e-05
0.508398 0.622142 3.20771e-05
0.510461 0.620774 3.53707e-05
0.516857 0.630184 3.71039e-05
0.512764 0.620405 3.80109e-05
0.505818 0.62628 3.81452e-05
0.513849 0.632917 4.43566e-05
0.506668 0.630905 4.75291e-05
0.508513 0.620089 5.34643e-05
0.28761 0.0596229 4.26937e-07
0.288309 0.0607565 4.61514e-07
0.290347 0.061452 7.41521e-06
0.286501 0.0574425 9.60373e-06
0.291562 0.0603913 1.32031e-05
0.29144 0.0576362 1.88197e-05
0.292142 0.057279 2.61871e-05
0.282647 0.0581408 3.2149e-05
0.291886 0.064883 3.76453e-05
0.281722 0.0591391 3.96839e-05
0.281832 0.0619424 4.02935e-05
0.281143 0.0603084 4.61305e-05
0.293336 0.0644278 4.7142e-05
0.285922 0.0672976 5.45587e-05
0.281861 0.0648637 5.87183e-05
0.286793 0.067774 5.88124e-05
0.286838 0.0523138 6.32394e-05
0.284711 0.0675728 6.48826e-05
0.295721 0.057139 6.99596e-05
0.295826 0.0638011 7.53232e-05
