20 100
0.36611 0.18004 0.51005 0.90811 0.56555 0.01365 0.83051 0.16656 0.65988 0.06617 0.19684 0.06748 0.90538 0.50293 0.47818 0.72003 0.56606 0.75589 0.8093 0.58868 
0.19237 0.6429 0.47163 0.95274 0.91173 0.24432 0.22622 0.69588 0.30681 0.09235 0.4761 0.09123 0.57153 0.09354 0.0179 0.65431 0.2022 0.23924 0.38402 0.11556 
0.2188 0.91161 0.23822 0.27472 0.05411 0.89907 0.76077 0.60555 0.55955 0.91379 0.56532 0.52757 0.23229 0.05053 0.4333 0.29643 0.50947 0.42585 0.94605 0.29385 
0.73797 0.60578 0.90023 0.15237 0.84299 0.85521 0.70773 0.6788 0.55713 0.87196 0.95027 0.4593 0.7226 0.11423 0.05466 0.30376 0.91612 0.04428 0.55723 0.78648 
0.98423 0.17491 0.19546 0.81241 0.57755 0.65444 0.68429 0.82505 0.02677 0.33323 0.53832 0.55295 0.73222 0.76117 0.87098 0.92435 0.47869 0.39125 0.8462 0.06123 
0.07854 0.99197 0.32281 0.76599 0.39942 0.15075 0.41785 0.14708 0.41888 0.38367 0.08011 0.98181 0.32556 0.39123 0.22036 0.917 0.37064 0.37969 0.0564 0.41293 
0.34423 0.96153 0.63947 0.0649 0.49212 0.55159 0.92459 0.92288 0.82222 0.97191 0.17057 0.25056 0.73165 0.27324 0.70868 0.73685 0.83851 0.32395 0.31624 0.9868 
0.97406 0.45353 0.86365 0.26725 0.10407 0.34427 0.40457 0.78841 0.47751 0.28368 0.95398 0.80462 0.17704 0.02476 0.39313 0.24711 0.13113 0.46208 0.72571 0.88533 
0.84156 0.85104 0.02215 0.32248 0.20511 0.78266 0.79 0.33086 0.01485 0.62647 0.97114 0.65385 0.66948 0.52238 0.24145 0.07319 0.1708 0.57901 0.67316 0.93285 
0.05759 0.26173 0.76293 0.29087 0.96915 0.18015 0.48739 0.43068 0.42258 0.18478 0.35853 0.05852 0.732 0.86083 0.71327 0.42078 0.37571 0.29507 0.64886 0.294 
0.87251 0.41839 0.26817 0.18956 0.65154 0.41866 0.32092 0.47853 0.31702 0.2679 0.58386 0.77871 0.43746 0.21756 0.66605 0.5885 0.8948 0.49734 0.02411 0.94176 
0.91664 0.99983 0.94211 0.89016 0.06928 0.7512 0.0489 0.36335 0.17636 0.98145 0.9908 0.89699 0.58215 0.83293 0.34842 0.13738 0.85063 0.37106 0.30926 0.8017 
0.17876 0.91332 0.87571 0.61376 0.37806 0.34842 0.00998 0.97049 0.15678 0.73317 0.97072 0.84601 0.92187 0.46252 0.63452 0.29685 0.24092 0.00247 0.6843 0.0227 
0.04207 0.51079 0.71337 0.02717 0.00148 0.84016 0.53967 0.93257 0.74649 0.29694 0.09943 0.10362 0.33659 0.38316 0.51654 0.83439 0.16522 0.30468 0.57496 0.35447 
0.01792 0.74687 0.83721 0.97615 0.08923 0.52182 0.50525 0.32078 0.6164 0.32962 0.57299 0.1374 0.60995 0.52685 0.98136 0.5743 0.87485 0.8295 0.5039 0.66259 
0.20574 0.58858 0.09458 0.35978 0.60149 0.49627 0.52071 0.86251 0.09138 0.43904 0.67784 0.18922 0.85613 0.94095 0.29704 0.22379 0.59713 0.2304 0.32672 0.58664 
0.09177 0.9204 0.31479 0.02626 0.51525 0.56498 0.4303 0.40858 0.63687 0.90644 0.50362 0.45895 0.94712 0.95953 0.99764 0.76953 0.37306 0.9724 0.69727 0.61968 
0.32862 0.06268 0.51303 0.56213 0.92204 0.90001 0.51598 0.0156 0.50915 0.70301 0.95804 0.13436 0.998 0.6167 0.53646 0.58851 0.22978 0.94326 0.85516 0.72751 
0.54836 0.07753 0.02997 0.52021 0.76474 0.97911 0.79796 0.60037 0.54871 0.49752 0.3821 0.73453 0.67232 0.0832 0.31824 0.85214 0.40864 0.14473 0.9065 0.89859 
0.83295 0.3231 0.42187 0.38042 0.57601 0.59637 0.68967 0.64423 0.37087 0.29621 0.18367 0.80562 0.78703 0.00082 0.82899 0.19908 0.59651 0.83676 0.46616 0.58933 
0.17848 0.28229 0.32372 0.33879 0.23775 0.56022 0.01738 0.84387 0.55888 0.20525 0.75592 0.14911 0.21048 0.20842 0.02125 0.69342 0.4 0.05928 0.70624 0.64954 
0.81992 0.08199 0.57675 0.75144 0.91235 0.52703 0.2561 0.21275 0.20733 0.32702 0.50216 0.73166 0.26598 0.06748 0.37914 0.92356 0.09763 0.14878 0.26772 0.46186 
0.28272 0.0033 0.76978 0.53715 0.00809 0.48203 0.69312 0.87402 0.81926 0.62685 0.2757 0.89945 0.54102 0.63372 0.01098 0.9059 0.47533 0.1643 0.74733 0.39908 
0.26005 0.96179 0.8248 0.22017 0.8872 0.02055 0.91211 0.09206 0.22872 0.7735 0.36 0.12894 0.22927 0.28404 0.01056 0.26019 0.836 0.90823 0.21234 0.55556 
0.72983 0.46912 0.90303 0.73577 0.40865 0.85271 0.3044 0.93753 0.57042 0.04877 0.92788 0.77143 0.98056 0.09011 0.94639 0.68063 0.38577 0.18078 0.80658 0.18588 
0.5729 0.88925 0.26262 0.18032 0.40163 0.70767 0.69192 0.52231 0.31079 0.3138 0.64527 0.54995 0.34108 0.17174 0.12118 0.14985 0.38617 0.13773 0.35037 0.77353 
0.64972 0.11216 0.34424 0.52868 0.86986 0.23675 0.45311 0.61272 0.19793 0.51149 0.86701 0.1616 0.14485 0.68282 0.35038 0.89356 0.14022 0.22395 0.38316 0.03131 
0.26741 0.97339 0.85436 0.20201 0.63166 0.70872 0.73572 0.59746 0.18378 0.17662 0.79196 0.14054 0.85206 0.42931 0.65476 0.97728 0.18394 0.11466 0.2501 0.03318 
0.66024 0.03298 0.19138 0.61416 0.49315 0.06653 0.87328 0.78538 0.85374 0.58214 0.42805 0.71691 0.23963 0.55723 0.24975 0.5538 0.92828 0.76355 0.04475 0.39481 
0.8408 0.32131 0.44214 0.04594 0.14385 0.84482 0.7218 0.78145 0.08084 0.96174 0.86109 0.31336 0.02892 0.00926 0.75871 0.68713 0.62085 0.61117 0.73184 0.49852 
0.4327 0.01632 0.97017 0.7879 0.92676 0.60235 0.4013 0.06645 0.63447 0.131 0.15047 0.83609 0.05718 0.24628 0.3162 0.63839 0.11066 0.85158 0.87919 0.31657 
0.86294 0.26376 0.82745 0.20478 0.20025 0.86629 0.98318 0.37952 0.42242 0.70548 0.32379 0.10219 0.93232 0.88402 0.79788 0.96174 0.49215 0.32703 0.81113 0.75547 
0.86529 0.8231 0.24341 0.87591 0.94744 0.28978 0.16366 0.1641 0.21403 0.17098 0.38446 0.39253 0.93536 0.08141 0.98353 0.03292 0.70355 0.29638 0.61327 0.65845 
0.0117 0.65686 0.95113 0.91131 0.06446 0.74812 0.43364 0.15376 0.28039 0.32553 0.80422 0.64295 0.04085 0.16028 0.03591 0.44212 0.93525 0.25983 0.77025 0.4308 
0.73289 0.68561 0.85493 0.31 0.6052 0.77045 0.99338 0.03198 0.13568 0.71042 0.52667 0.36983 0.93293 0.71394 0.49454 0.7464 0.03659 0.18463 0.39358 0.99918 
0.12203 0.22483 0.51153 0.37032 0.89135 0.81805 0.72937 0.49991 0.5548 0.48736 0.57233 0.15009 0.2248 0.66313 0.37898 0.13666 0.0463 0.44169 0.59861 0.95077 
0.32676 0.52709 0.43483 0.96456 0.59597 0.64605 0.76335 0.26608 0.10166 0.78172 0.74454 0.48136 0.47045 0.34343 0.11563 0.12551 0.65918 0.90014 0.67616 0.77096 
0.16912 0.53576 0.59694 0.52177 0.43116 0.67058 0.16991 0.68678 0.97802 0.36509 0.289 0.34823 0.46716 0.00354 0.64328 0.9293 0.2951 0.91652 0.32016 0.83199 
0.1803 0.36469 0.01894 0.70636 0.89158 0.09783 0.26496 0.83628 0.55737 0.85157 0.89107 0.35786 0.45417 0.16562 0.11649 0.60143 0.06662 0.27423 0.75701 0.02406 
0.18687 0.18601 0.79045 0.71546 0.70417 0.09422 0.83275 0.01928 0.99213 0.85804 0.93597 0.78939 0.57319 0.89817 0.48181 0.37055 0.63984 0.39884 0.17226 0.18941 
0.98887 0.94447 0.22889 0.32762 0.64111 0.58423 0.56437 0.6364 0.0461 0.45923 0.22633 0.27554 0.41259 0.03142 0.24581 0.35148 0.91914 0.45887 0.22545 0.06381 
0.66968 0.14123 0.08103 0.01719 0.36971 0.31138 0.04073 0.89862 0.08542 0.20268 0.00964 0.00504 0.01049 0.78339 0.54229 0.25909 0.09573 0.97525 0.15655 0.0915 
0.06267 0.48001 0.07617 0.4708 0.41933 0.00792 0.18976 0.88751 0.51245 0.74241 0.97594 0.53337 0.48192 0.48599 0.43991 0.86147 0.00828 0.7004 0.65846 0.3968 
0.09105 0.04215 0.31732 0.33681 0.9184 0.75931 0.24795 0.8084 0.55437 0.32834 0.65757 0.93712 0.92916 0.43104 0.73101 0.08242 0.72994 0.15983 0.45496 0.88816 
0.26649 0.4935 0.26023 0.95485 0.07093 0.98255 0.31087 0.29411 0.0258 0.68377 0.8316 0.73732 0.68463 0.65083 0.2084 0.47352 0.50162 0.86588 0.39595 0.65568 
0.4219 0.58763 0.24359 0.07367 0.56208 0.49216 0.55658 0.39506 0.74231 0.13098 0.51715 0.82275 0.02681 0.33633 0.49897 0.55483 0.06816 0.29976 0.95259 0.72877 
0.25056 0.77417 0.89696 0.09589 0.22219 0.61028 0.33929 0.67325 0.27949 0.28486 0.35458 0.10676 0.88894 0.16954 0.37309 0.11528 0.20665 0.9295 0.11832 0.80812 
0.53997 0.16304 0.83327 0.53996 0.72696 0.49638 0.84245 0.18801 0.49009 0.52961 0.06976 0.49911 0.37868 0.93915 0.21291 0.9817 0.70893 0.19564 0.72447 0.47431 
0.75429 0.04704 0.43113 0.16239 0.65766 0.81565 0.73 0.13303 0.35442 0.00394 0.1096 0.56204 0.08423 0.38706 0.6282 0.40036 0.98288 0.72346 0.70457 0.41827 
0.52222 0.03497 0.30029 0.34165 0.5126 0.1404 0.55911 0.29012 0.57562 0.52808 0.8698 0.37414 0.56092 0.275 0.9734 0.03595 0.4787 0.78481 0.44941 0.96022 
0.72994 0.62933 0.457 0.72788 0.15416 0.91327 0.0823 0.88345 0.48534 0.76846 0.05584 0.03792 0.31316 0.53825 0.34765 0.35921 0.2863 0.83404 0.51705 0.16223 
0.57825 0.45067 0.64077 0.38271 0.43323 0.29729 0.14089 0.08073 0.40098 0.36072 0.53004 0.49724 0.7214 0.59522 0.1942 0.72111 0.87617 0.21699 0.21931 0.23454 
0.57661 0.92658 0.74576 0.14481 0.96326 0.74537 0.37786 0.21099 0.52299 0.948 0.56378 0.95609 0.28897 0.10598 0.3088 0.18223 0.789 0.48416 0.60499 0.09698 
0.26472 0.46147 0.20655 0.89735 0.44086 0.89085 0.83943 0.02498 0.835 0.68912 0.88954 0.76724 0.02076 0.9278 0.75793 0.32977 0.83908 0.69791 0.63152 0.97271 
0.5851 0.91644 0.79002 0.60909 0.97431 0.60971 0.09938 0.9258 0.92736 0.81513 0.57417 0.42872 0.3205 0.95472 0.47531 0.39864 0.14328 0.57041 0.15827 0.6379 
0.93036 0.03996 0.39586 0.73542 0.29861 0.07043 0.46208 0.82787 0.98919 0.77327 0.21778 0.88292 0.78422 0.36206 0.38225 0.36024 0.13378 0.32692 0.35192 0.6514 
0.2525 0.83194 0.5538 0.08794 0.40007 0.6774 0.63485 0.13546 0.55286 0.64919 0.61575 0.19512 0.57096 0.93024 0.88872 0.88084 0.66616 0.9775 0.74931 0.77346 
0.00753 0.15997 0.52139 0.25941 0.70971 0.22426 0.13191 0.33212 0.81675 0.42271 0.03583 0.76226 0.76467 0.36593 0.79642 0.48688 0.00933 0.22717 0.05083 0.83712 
0.95371 0.10292 0.33237 0.7619 0.13667 0.56722 0.43112 0.89722 0.59788 0.07373 0.25399 0.7292 0.77276 0.63205 0.72285 0.2314 0.61608 0.96964 0.97496 0.436 
0.65537 0.63291 0.75018 0.032 0.92334 0.97952 0.61889 0.76623 0.73555 0.27987 0.99689 0.9664 0.44543 0.69162 0.29565 0.85031 0.74017 0.59907 0.75127 0.74909 
0.52619 0.17288 0.33306 0.88195 0.88642 0.54147 0.50804 0.58217 0.2899 0.11928 0.86401 0.65362 0.74896 0.0607 0.80196 0.48111 0.12413 0.36143 0.72206 0.08548 
0.84893 0.96874 0.86492 0.3879 0.21224 0.42141 0.62525 0.62677 0.78228 0.34334 0.36274 0.87556 0.17419 0.4673 0.26039 0.12698 0.85085 0.06818 0.01981 0.66735 
0.38656 0.85414 0.49006 0.1603 0.43899 0.57129 0.08174 0.39186 0.42001 0.1822 0.18817 0.63575 0.18221 0.53186 0.79479 0.72874 0.52475 0.6774 0.0414 0.70529 
0.75919 0.63811 0.92464 0.5103 0.88726 0.81044 0.55313 0.74209 0.9246 0.34234 0.98904 0.75113 0.2814 0.52933 0.54161 0.08783 0.8585 0.20331 0.39364 0.51153 
0.62585 0.14098 0.46634 0.46309 0.42832 0.80467 0.92393 0.57424 0.39776 0.24806 0.02602 0.91526 0.80497 0.63058 0.94371 0.57238 0.44038 0.05977 0.34269 0.25153 
0.04223 0.83156 0.94228 0.02763 0.88306 0.65289 0.52525 0.05459 0.99204 0.07547 0.00244 0.03252 0.50779 0.80312 0.98882 0.56417 0.34592 0.10192 0.59422 0.96403 
0.47875 0.44434 0.67539 0.64079 0.15727 0.71933 0.16974 0.87104 0.49445 0.1117 0.1555 0.3441 0.25048 0.14426 0.78636 0.22923 0.6571 0.86299 0.95308 0.56431 
0.61277 0.90166 0.92402 0.60895 0.08295 0.17043 0.48944 0.17896 0.13726 0.09207 0.71631 0.31957 0.40114 0.26148 0.09379 0.08422 0.85266 0.13464 0.86947 0.44904 
0.0493 0.97461 0.20638 0.8384 0.55357 0.99943 0.82196 0.93414 0.79305 0.7755 0.05287 0.42892 0.80634 0.96391 0.25342 0.19441 0.83705 0.24056 0.12544 0.89654 
0.83795 0.06285 0.8232 0.5348 0.13954 0.44137 0.45008 0.02271 0.34053 0.95929 0.11022 0.73158 0.46088 0.71759 0.64044 0.32726 0.9722 0.06956 0.00535 0.4093 
0.53738 0.69853 0.12378 0.53729 0.18564 0.46701 0.06374 0.51151 0.47747 0.08253 0.58166 0.38988 0.81058 0.37718 0.7047 0.6739 0.10701 0.79598 0.22362 0.77232 
0.22186 0.64801 0.97197 0.94024 0.71762 0.73331 0.29755 0.05513 0.2737 0.31661 0.81718 0.0817 0.22277 0.40969 0.25202 0.59374 0.48389 0.80548 0.33733 0.3541 
0.66989 0.23873 0.36399 0.24072 0.14999 0.53707 0.85428 0.56889 0.74328 0.26988 0.41163 0.5234 0.59663 0.14536 0.94179 0.27864 0.27709 0.14031 0.34043 0.82004 
0.93512 0.22561 0.50316 0.3549 0.5675 0.61542 0.76355 0.2565 0.19865 0.57936 0.32884 0.47507 0.25001 0.9839 0.87525 0.53805 0.01098 0.39828 0.19892 0.04855 
0.52074 0.17003 0.25977 0.69947 0.51656 0.25553 0.75746 0.66491 0.68621 0.47954 0.10526 0.18389 0.85056 0.31015 0.15515 0.40072 0.19523 0.82172 0.36756 0.64862 
0.20792 0.48818 0.04522 0.04786 0.95049 0.84286 0.86375 0.53392 0.17038 0.97448 0.32688 0.78732 0.51123 0.46679 0.66709 0.2746 0.6609 0.10611 0.71591 0.39816 
0.99214 0.3141 0.9497 0.99741 0.45112 0.25006 0.97207 0.41311 0.66812 0.7729 0.11171 0.67564 0.37733 0.7937 0.38929 0.50903 0.37967 0.04044 0.77295 0.91707 
0.96586 0.03298 0.92206 0.78237 0.96488 0.93123 0.65673 0.31301 0.73316 0.27963 0.02426 0.51896 0.24373 0.28707 0.969 0.29701 0.30181 0.82685 0.80468 0.64079 
0.12729 0.70779 0.09161 0.24151 0.7353 0.84372 0.42882 0.33981 0.45379 0.71228 0.78952 0.12718 0.73167 0.10747 0.04025 0.75083 0.22293 0.09691 0.80292 0.90148 
0.31598 0.25063 0.99044 0.46993 0.55875 0.76452 0.60285 0.20796 0.78295 0.34285 0.86725 0.91781 0.88197 0.41295 0.83594 0.76596 0.83336 0.65496 0.00342 0.53091 
0.27177 0.32597 0.21667 0.5221 0.62651 0.98399 0.66238 0.40501 0.42918 0.97228 0.40222 0.62574 0.96177 0.51844 0.98399 0.93157 0.33445 0.66477 0.40321 0.47197 
0.6672 0.54925 0.3899 0.25986 0.46071 0.22788 0.9852 0.07177 0.22941 0.28793 0.1305 0.64657 0.88548 0.28471 0.50226 0.58253 0.94295 0.09282 0.30697 0.03922 
0.76621 0.00364 0.0138 0.11096 0.93398 0.44473 0.26037 0.50596 0.34329 0.65727 0.71333 0.36062 0.60921 0.25725 0.92841 0.12855 0.13575 0.00508 0.35513 0.58938 
0.87085 0.13261 0.99609 0.36247 0.73005 0.91685 0.43812 0.7617 0.16174 0.75305 0.76023 0.57775 0.17056 0.48466 0.32812 0.0263 0.35352 0.14489 0.76368 0.24996 
0.88925 0.06077 0.67641 0.3957 0.71419 0.43655 0.75483 0.85051 0.52741 0.01713 0.64562 0.60245 0.19593 0.2159 0.2483 0.98205 0.34848 0.33507 0.05201 0.70166 
0.47248 0.23125 0.14771 0.47989 0.18339 0.11122 0.08329 0.36686 0.20938 0.23519 0.72311 0.92998 0.35576 0.00494 0.81982 0.39345 0.81511 0.86525 0.81829 0.46268 
0.50679 0.33074 0.08764 0.64907 0.95847 0.29939 0.3653 0.99921 0.92418 0.53145 0.09016 0.58644 0.85189 0.07811 0.17814 0.81889 0.22537 0.25144 0.07938 0.15004 
0.5819 0.51023 0.26889 0.92164 0.25758 0.62503 0.88349 0.26939 0.51792 0.32775 0.53439 0.66026 0.26546 0.13058 0.34563 0.19808 0.50893 0.30341 0.7016 0.09858 
0.12479 0.95995 0.73129 0.9937 0.98735 0.85914 0.60454 0.72776 0.51407 0.55994 0.01501 0.05953 0.82041 0.06947 0.42172 0.02696 0.2772 0.35752 0.91939 0.76707 
0.45243 0.02851 0.79652 0.34518 0.78082 0.34757 0.90012 0.79931 0.64878 0.30747 0.73263 0.90137 0.18609 0.22227 0.79775 0.35937 0.61119 0.41666 0.8674 0.77718 
0.54529 0.18102 0.15383 0.45927 0.19067 0.73396 0.35 0.46894 0.44171 0.32497 0.47818 0.52109 0.68232 0.26654 0.23756 0.42373 0.47423 0.11591 0.9015 0.07861 
0.67605 0.65563 0.62448 0.35603 0.98117 0.73169 0.35601 0.88926 0.53967 0.55282 0.30943 0.79138 0.96122 0.19203 0.9079 0.11203 0.10699 0.48257 0.2633 0.09155 
0.4097 0.17428 0.90916 0.53672 0.67556 0.87938 0.60318 0.77703 0.59881 0.71113 0.16213 0.28722 0.87103 0.15434 0.06842 0.18515 0.65466 0.32333 0.5775 0.71193 
0.52324 0.07657 0.3162 0.9073 0.74504 0.52392 0.77894 0.39186 0.62087 0.37552 0.86326 0.17841 0.28036 0.53072 0.68826 0.31866 0.52049 0.59576 0.73785 0.03444 
0.18252 0.2487 0.2268 0.29225 0.23341 0.00295 0.967 0.3488 0.19125 0.53987 0.73725 0.01231 0.71782 0.08349 0.05577 0.79707 0.77406 0.7447 0.15304 0.47174 
0.69376 0.76626 0.04506 0.92702 0.34647 0.9046 0.05471 0.77527 0.82936 0.47691 0.41484 0.68338 0.43809 0.83148 0.12626 0.50693 0.55091 0.32517 0.50001 0.90887 
0.26035 0.46348 0.14449 0.59282 0.04291 0.77879 0.32435 0.35303 0.27579 0.08735 0.22497 0.24074 0.99552 0.7029 0.36986 0.93082 0.13446 0.78775 0.56272 0.73875 
0.32726 0.55976 0.1979 0.59527 0.86229 0.3667 0.51222 0.6457 0.40645 0.02673 0.85723 0.63791 0.74722 0.82197 0.75716 0.35346 0.04476 0.35012 0.00972 0.04753 
0.57256 0.68787 0.59742 0.88487 0.14569 0.64069 0.27465 0.44809 0.68766 0.61354 0.74479 0.69256 0.0212 0.89396 0.66659 0.33988 0.18903 0.57059 0.53011 0.55333 
0.33185 0.33457 0.10984 0.23075 0.04477 0.94553 0.77172 0.88532 0.91582 0.80662 0.24656 0.94319 0.65153 0.5633 0.53607 0.56201 0.68223 0.14389 0.69322 0.50162 
