5 100
0.28686 0.21952 0.84061 0.12054 0.35708 
0.77191 0.91875 0.25663 0.00017 0.78421 
0.19565 0.58713 0.09891 0.25812 0.89739 
0.95646 0.37592 0.78033 0.31751 0.77608 
0.402 0.65952 0.70503 0.30447 0.40646 
0.93981 0.79142 0.55003 0.21682 0.30111 
0.0533 0.47396 0.2778 0.87313 0.66407 
0.91953 0.74364 0.72357 0.09181 0.72816 
0.49442 0.14492 0.38339 0.66747 0.55206 
0.06863 0.83258 0.71686 0.71912 0.00911 
0.57835 0.75061 0.4041 0.24359 0.17264 
0.33829 0.07919 0.01328 0.70456 0.48081 
0.61909 0.57159 0.25753 0.38881 0.78908 
0.95495 0.85101 0.48094 0.42294 0.1142 
0.05433 0.64008 0.42979 0.71144 0.91432 
0.97047 0.23484 0.28815 0.983 0.037 
0.33423 0.24853 0.14663 0.88431 0.08333 
0.23715 0.59939 0.48825 0.61183 0.46674 
0.54287 0.50822 0.55322 0.44906 0.34779 
0.18185 0.27569 0.69159 0.32658 0.41801 
0.44768 0.42032 0.11751 0.79194 0.41475 
0.49808 0.22703 0.6804 0.10904 0.66526 
0.35794 0.74621 0.53411 0.57962 0.57288 
0.20048 0.00536 0.10547 0.257 0.79474 
0.41101 0.02041 0.30641 0.5021 0.26664 
0.27088 0.54288 0.97716 0.28674 0.56453 
0.10037 0.6413 0.12855 0.16173 0.39323 
0.61936 0.77221 0.46264 0.88875 0.66337 
0.78486 0.14604 0.95704 0.79195 0.76488 
0.55386 0.8756 0.88746 0.39317 0.99953 
0.41029 0.24419 0.46647 0.23456 0.16203 
0.80536 0.62444 0.28816 0.06882 0.53661 
0.14684 0.61786 0.95707 0.70178 0.81474 
0.64135 0.86102 0.71978 0.67747 0.48784 
0.67788 0.97253 0.26367 0.27084 0.37431 
0.46544 0.9845 0.56051 0.19963 0.85873 
0.17055 0.00015 0.53042 0.57494 0.64309 
0.31144 0.35238 0.28959 0.38782 0.85816 
0.64344 0.971 0.20641 0.87396 0.84611 
0.8102 0.44062 0.36731 0.42055 0.43328 
0.02124 0.21353 0.19881 0.06685 0.40312 
0.65794 0.16185 0.57323 0.8795 0.43718 
0.39928 0.36415 0.22979 0.20189 0.05599 
0.6534 0.14046 0.51609 0.79172 0.61044 
0.91263 0.81163 0.71346 0.93119 0.56323 
0.56736 0.56578 0.50643 0.64787 0.869 
0.89142 0.12788 0.92374 0.20508 0.45997 
0.02363 0.8812 0.5893 0.47761 0.08991 
0.12788 0.42494 0.27037 0.59614 0.56913 
0.59787 0.97208 0.23542 0.28207 0.38265 
0.23683 0.54819 0.71977 0.93729 0.63342 
0.4111 0.91155 0.32342 0.73251 0.35262 
0.41415 0.1816 0.7886 0.48272 0.24929 
0.01067 0.68985 0.88331 0.92017 0.2044 
0.6886 0.36219 0.75831 0.39712 0.51488 
0.27267 0.87473 0.58092 0.03301 0.57391 
0.34894 0.22242 0.3551 0.55097 0.17906 
0.81643 0.89815 0.78269 0.20157 0.31769 
0.56742 0.51694 0.55145 0.76816 0.88956 
0.28014 0.43892 0.07539 0.49366 0.6641 
0.26697 0.0632 0.26065 0.73224 0.03853 
0.48054 0.08411 0.55449 0.35812 0.66373 
0.70198 0.24307 0.11429 0.47281 0.38949 
0.01363 0.58447 0.01439 0.19038 0.61592 
0.13856 0.01674 0.70882 0.84132 0.67059 
0.66299 0.19977 0.7935 0.37954 0.43461 
0.05258 0.51282 0.6958 0.87944 0.60041 
0.35584 0.21991 0.5778 0.4742 0.11874 
0.11447 0.06635 0.37583 0.90143 0.78373 
0.60029 0.5879 0.82236 0.80698 0.49107 
0.89147 0.51578 0.75416 0.55657 0.41823 
0.9156 0.12123 0.8929 0.29056 0.2436 
0.02124 0.8766 0.25034 0.40106 0.46207 
0.31328 0.65256 0.84567 0.49677 0.954 
0.6716 0.2794 0.99919 0.19792 0.3145 
0.05675 0.09139 0.15027 0.05769 0.86691 
0.18922 0.85227 0.88643 0.25209 0.28395 
0.4475 0.5275 0.28284 0.93919 0.3946 
0.31317 0.07408 0.60908 0.62619 0.41254 
0.73924 0.00563 0.55426 0.38163 0.23704 
0.57508 0.12733 0.15713 0.31987 0.59031 
0.27564 0.83115 0.47201 0.34646 0.99614 
0.08419 0.00843 0.67245 0.84806 0.16065 
0.41315 0.88157 0.18199 0.36221 0.76232 
0.71037 0.78815 0.38061 0.70316 0.72226 
0.75613 0.22684 0.20664 0.56781 0.55803 
0.62747 0.07137 0.17723 0.62799 0.48571 
0.96414 0.74503 0.60074 0.46057 0.50576 
0.02473 0.83811 0.55746 0.40417 0.93035 
0.56833 0.54373 0.77918 0.96936 0.32372 
0.80458 0.28649 0.70285 0.37616 0.20397 
0.72164 0.79852 0.03945 0.71043 0.19621 
0.88579 0.27975 0.65186 0.41937 0.02369 
0.10174 0.95336 0.24244 0.34595 0.43123 
0.99706 0.61985 0.26849 0.49439 0.49052 
0.56268 0.19139 0.66214 0.47127 0.3475 
0.84688 0.70943 0.40732 0.47337 0.87255 
0.65233 0.87557 0.30551 0.07508 0.6896 
0.36114 0.84389 0.32056 0.48164 0.85899 
0.27097 0.12835 0.32791 0.45407 0.29686 
