20 100
0.271 0.38 0.447 0.204 0.646 0.341 0.762 0.491 0.669 0.663 0.483 0.532 0.132 0.42 0.855 0.905 0.167 0.262 0.738 0.197 
0.988 0.258 0.465 0.807 0.277 0.53 0.996 0.415 0.744 0.652 0.967 0.444 0.837 0.929 0.561 0.76 0.938 0.961 0.955 0.719 
0.733 0.328 0.078 0.704 0.458 0.064 0.657 0.133 0.712 0.33 0.733 0.158 0.147 0.765 0.675 0.541 0.353 0.942 0.775 0.629 
0.638 0.782 0.487 0.805 0.484 0.451 0.874 0.249 0.222 0.476 0.478 0.862 0.634 0.342 0.768 0.091 0.469 0.335 0.539 0.49 
0.286 0.577 0.23 0.876 0.137 0.697 0.081 0.919 0.886 0.769 0.785 0.928 0.991 0.715 0.998 0.579 0.527 0.918 0.361 0.185 
0.651 0.017 0.648 0.68 0.779 0.263 0.201 0.057 0.518 0.807 0.087 0.582 0.769 0.831 0.979 0.411 0.349 0.223 0.624 0.661 
0.083 0.891 0.584 0.858 0.246 0.726 0.997 0.515 0.903 0.665 0.449 0.367 0.148 0.136 0.54 0.115 0.789 0.624 0.463 0.099 
0.861 0.38 0.369 0.008 0.666 0.447 0.384 0.102 0.64 0.661 0.121 0.842 0.61 0.466 0.874 0.583 0.1 0.13 0.778 0.471 
0.061 0.101 0.217 0.935 0.81 0.139 0.511 0.16 0.479 0.782 0.138 0.819 0.432 0.041 0.563 0.68 0.334 0.441 0.421 0.987 
0.451 0.466 0.944 0.262 0.961 0.628 0.102 0.759 0.276 0.901 0.823 0.92 0.767 0.851 0.052 0.713 0.314 0.222 0.7 0.771 
0.368 0.331 0.03 0.371 0.356 0.309 0.437 0.942 0.569 0.792 0.179 0.118 0.884 0.475 0.094 0.474 0.228 0.02 0.919 0.911 
0.253 0.105 0.78 0.216 0.392 0.713 0.774 0.815 0.381 0.747 0.316 0.331 0.124 0.595 0.108 0.095 0.226 0.4 0.007 0.309 
0.405 0.367 0.808 0.598 0.205 0.651 0.882 0.085 0.682 0.317 0.859 0.356 0.079 0.911 0.222 0.455 0.152 0.939 0.771 0.849 
0.819 0.067 0.717 0.736 0.919 0.544 0.64 0.29 0.79 0.689 0.179 0.652 0.116 0.966 0.638 0.631 0.342 0.215 0.364 0.296 
0.101 0.461 0.076 0.637 0.181 0.598 0.995 0.145 0.079 0.569 0.426 0.807 0.398 0.869 0.666 0.766 0.347 0.095 0.451 0.229 
0.4 0.145 0.683 0.337 0.419 0.274 0.107 0.506 0.028 0.045 0.93 0.26 0.207 0.929 0.232 0.663 0.595 0.13 0.108 0.963 
0.409 0.671 0.453 0.805 0.454 0.479 0.112 0.911 0.058 0.599 0.099 0.777 0.552 0.652 0.463 0.659 0.546 0.519 0.153 0.976 
0.229 0.759 0.814 0.128 0.624 0.292 0.386 0.794 0.597 0.951 0.737 0.802 0.523 0.726 0.287 0.328 0.629 0.096 0.064 0.937 
0.221 0.506 0.957 0.703 0.065 0.581 0.621 0.873 0.883 0.928 0.448 0.308 0.694 0.242 0.275 0.412 0.487 0.534 0.157 0.226 
0.383 0.743 0.464 0.729 0.816 0.678 0.616 0.484 0.444 0.691 0.772 0.688 0.273 0.128 0.529 0.881 0.077 0.581 0.197 0.811 
0.742 0.911 0.088 0.893 0.264 0.401 0.741 0.603 0.03 0.011 0.145 0.46 0.41 0.816 0.655 0.493 0.22 0.796 0.503 0.704 
0.962 0.727 0.339 0.374 0.827 0.583 0.26 0.956 0.948 0.456 0.813 0.529 0.815 0.774 0.785 0.967 0.423 0.019 0.533 0.093 
0.027 0.523 0.868 0.975 0.827 0.373 0.907 0.139 0.414 0.537 0.34 0.035 0.333 0.867 0.641 0.196 0.746 0.528 0.554 0.344 
0.639 0.339 0.991 0.278 0.927 0.474 0.508 0.753 0.1 0.872 0.005 0.867 0.342 0.409 0.389 0.834 0.424 0.194 0.906 0.038 
0.221 0.798 0.145 0.8 0.533 0.291 0.126 0.921 0.485 0.685 0.416 0.206 0.805 0.212 0.89 0.14 0.837 0.742 0.314 0.236 
0.027 0.339 0.019 0.876 0.601 0.162 0.392 0.432 0.835 0.968 0.239 0.487 0.433 0.741 0.506 0.846 0.619 0.744 0.34 0.694 
0.034 0.341 0.467 0.422 0.682 0.373 0.93 0.258 0.973 0.845 0.813 0.946 0.62 0.301 0.494 0.443 0.228 0.418 0.29 0.827 
0.786 0.569 0.666 0.454 0.181 0.852 0.494 0.854 0.883 0.221 0.325 0.386 0.199 0.895 0.412 0.619 0.362 0.717 0.802 0.969 
0.35 0.048 0.242 0.689 0.233 0.389 0.881 0.083 0.827 0.218 0.459 0.758 0.184 0.499 0.948 0.972 0.519 0.429 0.715 0.284 
0.441 0.714 0.889 0.079 0.421 0.629 0.146 0.328 0.292 0.644 0.272 0.043 0.122 0.974 0.162 0.397 0.379 0.949 0.067 0.93 
0.414 0.979 0.377 0.855 0.362 0.396 0.918 0.489 0.382 0.01 0.08 0.773 0.821 0.035 0.696 0.036 0.361 0.815 0.661 0.661 
0.247 0.083 0.138 0.651 0.046 0.517 0.773 0.995 0.971 0.291 0.755 0.977 0.867 0.724 0.266 0.652 0.441 0.148 0.38 0.324 
0.372 0.009 0.693 0.552 0.855 0.027 0.261 0.22 0.91 0.147 0.884 0.489 0.379 0.111 0.337 0.55 0.607 0.694 0.61 0.206 
0.461 0.639 0.301 0.179 0.677 0.004 0.162 0.457 0.754 0.949 0.167 0.533 0.99 0.081 0.678 0.664 0.408 0.184 0.585 0.003 
0.045 0.356 0.784 0.766 0.059 0.092 0.385 0.723 0.241 0.071 0.355 0.722 0.938 0.85 0.229 0.496 0.942 0.812 0.675 0.805 
0.499 0.015 0.4 0.646 0.315 0.959 0.005 0.856 0.219 0.851 0.247 0.715 0.489 0.525 0.826 0.024 0.278 0.877 0.751 0.716 
0.861 0.804 0.381 0.562 0.153 0.335 0.077 0.867 0.629 0.646 0.439 0.062 0.257 0.389 0.252 0.676 0.942 0.304 0.596 0.885 
0.523 0.709 0.729 0.882 0.266 0.389 0.74 0.968 0.594 0.101 0.969 0.541 0.981 0.482 0.87 0.757 0.858 0.982 0.536 0.879 
0.182 0.976 0.454 0.549 0.703 0.422 0.168 0.463 0.962 0.596 0.477 0.148 0.617 0.08 0.963 0.009 0.67 0.653 0.446 0.558 
0.486 0.373 0.038 0.803 0.557 0.328 0.863 0.777 0.94 0.905 0.598 0.562 0.884 0.548 0.998 0.011 0.012 0.369 0.174 0.592 
0.266 0.294 0.395 0.375 0.626 0.87 0.501 0.395 0.344 0.895 0.464 0.832 0.598 0.441 0.474 0.888 0.688 0.906 0.917 0.949 
0.931 0.647 0.431 0.348 0.515 0.88 0.481 0.477 0.84 0.2 0.217 0.297 0.88 0.703 0.84 0.405 0.985 0.493 0.078 0.24 
0.886 0.272 0.68 0.88 0.339 0.36 0.862 0.158 0.578 0.383 0.324 0.216 0.428 0.05 0.962 0.605 0.339 0.52 0.014 0.927 
0.297 0.1 0.704 0.978 0.818 0.278 0.629 0.101 0.528 0.532 0.602 0.21 0.983 0.533 0.785 0.245 0.825 0.624 0.474 0.431 
0.245 0.776 0.338 0.225 0.246 0.87 0.588 0.263 0.392 0.349 0.356 0.825 0.708 0.058 0.672 0.289 0.069 0.963 0.249 0.292 
0.817 0.203 0.402 0.461 0.224 0.551 0.806 0.66 0.281 0.859 0.188 0.368 0.604 0.452 0.224 0.174 0.631 0.657 0.695 0.6 
0.268 0.976 0.356 0.537 0.944 0.545 0.461 0.923 0.052 0.855 0.254 0.812 0.176 0.962 0.125 0.353 0.901 0.628 0.92 0.544 
0.833 0.474 0.593 0.491 0.541 0.915 0.337 0.608 0.626 0.975 0.802 0.729 0.5 0.894 0.039 0.313 0.671 0.336 0.195 0.691 
0.815 0.582 0.922 0.528 0.702 0.429 0.808 0.489 0.92 0.956 0.094 0.331 0.53 0.412 0.344 0.945 0.93 0.492 0.734 0.824 
0.607 0.231 0.061 0.134 0.017 0.551 0.932 0.796 0.888 0.857 0.241 0.634 0.787 0.993 0.593 0.268 0.735 0.969 0.783 0.932 
0.634 0.294 0.996 0.322 0.391 0.633 0.434 0.015 0.712 0.531 0.29 0.119 0.43 0.251 0.345 0.034 0.838 0.298 0.639 0.256 
0.46 0.828 0.176 0.873 0.242 0.207 0.425 0.447 0.789 0.581 0.86 0.77 0.592 0.147 0.358 0.678 0.047 0.45 0.825 0.619 
0.554 0.618 0.422 0.876 0.908 0.872 0.86 0.009 0.533 0.903 0.234 0.247 0.475 0.307 0.032 0.403 0.67 0.928 0.79 0.303 
0.514 0.519 0.575 0.977 0.668 0.657 0.488 0.254 0.026 0.211 0.785 0.676 0.154 0.349 0.944 0.428 0.1 0.202 0.933 0.469 
0.465 0.665 0.521 0.201 0.658 0.397 0.43 0.3 0.513 0.698 0.224 0.103 0.118 0.023 0.903 0.242 0.798 0.394 0.889 0.676 
0.258 0.83 0.779 0.829 0.969 0.427 0.336 0.383 0.979 0.841 0.266 0.385 0.746 0.16 0.213 0.88 0.32 0.463 0.989 0.454 
0.618 0.221 0.424 0.154 0.656 0.015 0.513 0.776 0.99 0.628 0.465 0.434 0.452 0.328 0.18 0.272 0.848 0.024 0.495 0.865 
0.791 0.053 0.137 0.448 0.192 0.685 0.284 0.63 0.29 0.868 0.744 0.301 0.646 0.607 0.509 0.353 0.039 0.292 0.154 0.653 
0.684 0.818 0.095 0.747 0.192 0.485 0.994 0.92 0.011 0.084 0.181 0.005 0.081 0.834 0.304 0.771 0.291 0.075 0.573 0.257 
0.759 0.057 0.474 0.687 0.523 0.661 0.119 0.811 0.94 0.188 0.97 0.786 0.563 0.777 0.349 0.589 0.798 0.497 0.056 0.888 
0.975 0.431 0.345 0.417 0.747 0.56 0.637 0.553 0.078 0.479 0.651 0.826 0.476 0.674 0.453 0.107 0.527 0.533 0.798 0.312 
0.358 0.179 0.042 0.127 0.754 0.105 0.282 0.042 0.884 0.784 0.45 0.448 0.942 0.47 0.211 0.166 0.121 0.115 0.822 0.758 
0.797 0.419 0.35 0.598 0.915 0.759 0.791 0.082 0.174 0.762 0.917 0.197 0.009 0.471 0.181 0.5 0.512 0.186 0.371 0.486 
0.194 0.792 0.691 0.742 0.585 0.586 0.32 0.346 0.003 0.944 0.017 0.788 0.852 0.656 0.007 0.783 0.723 0.517 0.053 0.556 
0.765 0.534 0.794 0.403 0.421 0.119 0.027 0.419 0.5 0.356 0.935 0.365 0.47 0.036 0.769 0.228 0.39 0.285 0.524 0.762 
0.223 0.486 0.586 0.298 0.248 0.227 0.669 0.803 0.238 0.602 0.486 0.977 0.731 0.063 0.495 0.784 0.157 0.31 0.398 0.61 
0.585 0.342 0.947 0.598 0.428 0.132 0.478 0.7 0.772 0.085 0.635 0.74 0.841 0.05 0.621 0.868 0.389 0.976 0.488 0.947 
0.925 0.312 0.109 0.461 0.054 0.969 0.214 0.007 0.935 0.595 0.874 0.914 0.595 0.477 0.64 0.947 0.032 0.225 0.91 0.563 
0.494 0.886 0.88 0.343 0.893 0.472 0.558 0.087 0.673 0.664 0.004 0.401 0.337 0.23 0.341 0.544 0.8 0.777 0.062 0.649 
0.133 0.726 0.667 0.747 0.354 0.253 0.506 0.508 0.967 0.808 0.124 0.256 0.762 0.535 0.78 0.073 0.76 0.945 0.617 0.782 
0.301 0.641 0.113 0.661 0.903 0.475 0.973 0.152 0.193 0.826 0.175 0.032 0.233 0.721 0.364 0.711 0.692 0.057 0.624 0.565 
0.003 0.463 0.99 0.279 0.927 0.276 0.019 0.074 0.4 0.364 0.907 0.397 0.852 0.348 0.705 0.592 0.327 0.09 0.954 0.143 
0.656 0.307 0.837 0.586 0.966 0.832 0.201 0.695 0.371 0.562 0.354 0.783 0.023 0.261 0.45 0.599 0.145 0.468 0.929 0.507 
0.018 0.286 0.403 0.697 0.272 0.399 0.236 0.198 0.988 0.025 0.277 0.643 0.5 0.747 0.572 0.885 0.611 0.936 0.697 0.799 
0.389 0.717 0.78 0.384 0.874 0.506 0.65 0.277 0.517 0.985 0.148 0.553 0.604 0.386 0.923 0.939 0.176 0.115 0.41 0.839 
0.279 0.544 0.266 0.186 0.809 0.522 0.48 0.172 0.283 0.422 0.955 0.801 0.491 0.569 0.93 0.068 0.848 0.577 0.929 0.082 
0.984 0.653 0.738 0.732 0.11 0.899 0.331 0.843 0.98 0.734 0.307 0.996 0.462 0.404 0.145 0.897 0.877 0.104 0.929 0.287 
0.337 0.52 0.755 0.1 0.574 0.875 0.886 0.667 0.484 0.794 0.945 0.807 0.847 0.921 0.557 0.745 0.238 0.083 0.271 0.941 
0.059 0.724 0.965 0.768 0.994 0.635 0.386 0.352 0.573 0.082 0.084 0.773 0.986 0.03 0.45 0.004 0.753 0.183 0.023 0.718 
0.376 0.047 0.842 0.889 0.025 0.61 0.502 0.18 0.772 0.009 0.817 0.568 0.939 0.413 0.093 0.604 0.605 0.75 0.221 0.83 
0.042 0.997 0.276 0.474 0.199 0.406 0.433 0.446 0.415 0.689 0.144 0.67 0.471 0.603 0.921 0.08 0.644 0.267 0.383 0.155 
0.013 0.259 0.314 0.371 0.887 0.873 0.188 0.316 0.947 0.199 0.743 0.019 0.442 0.655 0.164 0.745 0.736 0.205 0.17 0.517 
0.744 0.691 0.112 0.647 0.453 0.238 0.437 0.684 0.331 0.284 0.014 0.097 0.014 0.581 0.323 0.439 0.539 0.093 0.206 0.251 
0.115 0.988 0.377 0.866 0.466 0.11 0.742 0.855 0.722 0.731 0.802 0.753 0.817 0.918 0.93 0.621 0.385 0.406 0.732 0.81 
0.493 0.687 0.608 0.185 0.323 0.71 0.176 0.597 0.8 0.656 0.628 0.691 0.387 0.55 0.057 0.34 0.691 0.231 0.993 0.112 
0.021 0.934 0.578 0.904 0.604 0.76 0.663 0.532 0.652 0.062 0.755 0.411 0.674 0.414 0.959 0.335 0.89 0.192 0.834 0.854 
0.214 0.739 0.954 0.815 0.327 0.507 0.032 0.771 0.84 0.885 0.251 0.015 0.196 0.469 0.328 0.042 0.38 0.918 0.32 0.253 
0.226 0.963 0.77 0.489 0.997 0.079 0.111 0.84 0.464 0.131 0.055 0.179 0.245 0.883 0.667 0.054 0.116 0.758 0.909 0.66 
0.557 0.0 0.006 0.099 0.824 0.523 0.112 0.502 0.635 0.744 0.935 0.439 0.894 0.057 0.063 0.588 0.309 0.657 0.082 0.997 
0.172 0.161 0.781 0.88 0.481 0.462 0.734 0.951 0.083 0.656 0.327 0.34 0.939 0.42 0.584 0.096 0.377 0.721 0.894 0.123 
0.155 0.656 0.504 0.936 0.513 0.263 0.839 0.646 0.991 0.316 0.826 0.327 0.602 0.023 0.016 0.064 0.546 0.453 0.43 0.637 
0.204 0.245 0.275 0.785 0.176 0.91 0.755 0.979 0.633 0.933 0.276 0.659 0.897 0.25 0.312 0.793 0.61 0.552 0.812 0.978 
0.838 0.264 0.092 0.911 0.673 0.165 0.536 0.16 0.442 0.052 0.067 0.994 0.576 0.083 0.102 0.593 0.777 0.03 0.635 0.36 
0.232 0.037 0.954 0.405 0.122 0.759 0.392 0.768 0.482 0.175 0.806 0.187 0.802 0.691 0.371 0.104 0.74 0.242 0.216 0.954 
0.481 0.074 0.098 0.323 0.9 0.163 0.848 0.999 0.601 0.613 0.614 0.731 0.141 0.475 0.435 0.953 0.599 0.382 0.236 0.922 
0.537 0.79 0.061 0.199 0.563 0.116 0.021 0.391 0.046 0.963 0.224 0.649 0.097 0.151 0.754 0.18 0.66 0.814 0.655 0.483 
0.15 0.187 0.455 0.152 0.547 0.113 0.869 0.083 0.294 0.88 0.793 0.263 0.584 0.642 0.15 0.227 0.128 0.61 0.149 0.228 
0.878 0.881 0.532 0.225 0.821 0.727 0.742 0.384 0.675 0.566 0.898 0.833 0.323 0.484 0.9 0.427 0.151 0.427 0.039 0.79 
0.447 0.889 0.852 0.684 0.573 0.868 0.773 0.696 0.167 0.502 0.996 0.276 0.94 0.753 0.462 0.756 0.318 0.154 0.394 0.837 
0.192 0.318 0.348 0.166 0.714 0.064 0.805 0.523 0.233 0.98 0.16 0.979 0.648 0.514 0.952 0.271 0.903 0.391 0.234 0.253 
