2 100
0.3169098990008675 0.6083068418466009 
0.5958522138103743 0.4397861506140974 
0.4406998960863968 0.623755589104866 
0.6106447770755048 0.834969391212647 
0.02640644522902258 0.2471687400502106 
0.5026231463993769 0.7700483812850398 
0.30158055066027445 0.027418421153648898 
0.5688013392394109 0.836034373828194 
0.7470030113752428 0.6861154762482036 
0.9272725631629254 0.3583095748691313 
0.46540395695842607 0.41404247507770353 
0.5139950703483072 0.8903350703848063 
0.5493967711396298 0.6839593007179082 
0.41102649276066505 0.02953841296836124 
0.23570164302659558 0.9399285913850501 
0.21697764947998066 0.30976024140325054 
0.8808532446393426 0.9371563242951096 
0.7444529230666727 0.9249396306837881 
0.49302326133601126 0.30940879666602683 
0.3475188927098899 0.050896903822486905 
0.05616826923496632 0.5536478088520508 
0.4184101222978689 0.28221514475763165 
0.34318211835887846 0.27158027901764203 
0.13174379452606821 0.40942756886734966 
0.9773919613187206 0.9398103146454059 
0.5526069308147785 0.6364787509165011 
0.024701348634195597 0.029245840195417983 
0.9823544042273307 0.21402819803296425 
0.23700973734874242 0.9278134292598885 
0.4405494892506874 0.1447512981053347 
0.22421777306868929 0.08387887325453924 
0.7914433481851303 0.8391552506882263 
0.9737277496855072 0.10613336513246951 
0.7162623029860578 0.5604458446449956 
0.3336333978394894 0.16927450269854938 
0.6842866817757588 0.4338090845802063 
0.5429928148803982 0.5820984308891751 
0.2786491766300613 0.07690709965603859 
0.025344826449696267 0.6582858273677222 
0.2429698524086803 0.8192648082325441 
0.48328568102304603 0.8842173286027262 
0.7690333149721641 0.9929331055141153 
0.5336040153579704 0.8060268490610544 
0.4966471192857659 0.9585140135038747 
0.006905027531939445 0.7528687429104226 
0.2873044350625378 0.5933780220311727 
0.11863079245414754 0.8546236174462158 
0.004172614481889991 0.5586348910332097 
0.3418473081325537 0.9413501399513146 
0.11105857915268336 0.2706597169483457 
0.6902197225771403 0.0922763071369278 
0.7127455385842113 0.5762399947588298 
0.5367586628467399 0.4708089391601261 
0.6032027058585847 0.23544762763361193 
0.7274351291431149 0.42584482002879254 
0.804188109474978 0.594809560345115 
0.6407120032543245 0.17855162327258922 
0.9643696520376198 0.12942293906835378 
0.03562529275976767 0.9331228229111411 
0.45598853121878813 0.7879015912699828 
0.8878388830211028 0.6200194879631306 
0.4496119159329297 0.7694683869307528 
0.6015442182759426 0.5329023486956334 
0.714439221345853 0.24527546996718674 
0.5268836423364628 0.06956126264112594 
0.014439924004328697 0.2680463610257071 
0.42574935756820986 0.557222728269642 
0.269721777911036 0.11894564783596295 
0.3580787475163779 0.27155226203609584 
0.45455170454482574 0.9677871073817396 
0.9671850841074866 0.503323108971576 
0.7700407273763018 0.8236283493225781 
0.707718394072142 0.3310969778999494 
0.6442288427183656 0.17709773428967068 
0.8143577868552664 0.7006915468689923 
0.6908650077232967 0.9730747355020044 
0.6235029724808725 0.027327065489991642 
0.2581335070089852 0.8852786943034903 
0.4316781709812034 0.8127871248418581 
0.9857741573206081 0.44741709888278947 
0.3870944773936398 0.5332538011058098 
0.7039941295782854 0.6726079353272619 
0.3088883621508579 0.20359478900574945 
0.8310507924864856 0.18821842997441995 
0.7509322415588725 0.8310912432166186 
0.6727229208476748 0.27650540857963624 
0.9695832362789073 0.06429904267750985 
0.47794118631165017 0.9150937666287311 
0.8459562715013571 0.23634378711574866 
0.8562724152005914 0.2972299456030296 
0.4802213303031998 0.009569542556779886 
0.3178590617113055 0.566221882715813 
0.7973245766931215 0.9577177030274242 
0.26509243137328675 0.964926537385813 
0.014862576871654043 0.01784332636074093 
0.6940454597860453 0.864569407170053 
0.6698169242461498 0.4081043119621194 
0.21686021555535184 0.7444951260971931 
0.511989355562217 0.6265218618841729 
0.2879335404040043 0.06019037697222329 
