10 100
0.6394483278236004 0.25893520443989015 0.5182728442119219 0.87179205528261 0.4729079034892868 0.7398406925382467 0.20727725621188542 0.7902921156652408 0.4552473828828696 0.13822245471290562 
0.08416559701866833 0.12772711642980006 0.8643443392480804 0.337692764856692 0.20410063395702438 0.4734518006771713 0.010666073049779623 0.3628716950346852 0.9317431707181139 0.9954716371899887 
0.5341080456470947 0.28617584687607533 0.9482707035539224 0.779895546964009 0.281437814649918 0.4793092223012544 0.8281831169507962 0.09879597353560399 0.17976975408752516 0.7418641622677593 
0.44411771034078373 0.19343555030995618 0.23438144691260165 0.1518386931011364 0.7540967141882766 0.05437237307126608 0.17355083096835233 0.06239914676007552 0.03527519716106131 0.7175717808617699 
0.9822798118373093 0.018831811509218532 0.207738346440704 0.5996354364211312 0.6743657446430871 0.2662915869175445 0.5829717135129391 0.6200439819196115 0.9789506129478913 0.19463909437613092 
0.9488742906706549 0.8736876321085048 0.6717436275779676 0.37684649576950113 0.520673228813014 0.2748844225526672 0.6497402246388633 0.3881795079204273 0.7802009311656315 0.7275403907617951 
0.5314224004118286 0.40131249767193844 0.07711829095592948 0.8600300047899512 0.26345434716624694 0.9600071024415227 0.77198828187164 0.47743353401367494 0.13989015985926923 0.8907722840826353 
0.7698417450958334 0.33058161247632956 0.03713955804904434 0.595516866928411 0.7414843428734309 0.39400396686328487 0.9536240959757575 0.42811475852949077 0.9287599320812079 0.7666396076050017 
0.6533022106885061 0.8326203961183024 0.39123960533271984 0.5089875572396676 0.045544206266812104 0.40409495864095424 0.701935057376926 0.8971065055021543 0.8103121778702594 0.21643779383109096 
0.33295801953838566 0.440431190238865 0.9250537812799255 0.24364883502876833 0.03414891020795907 0.9106988038656338 0.4988135059946939 0.48432324343305266 0.9614101479830585 0.03809091389340902 
0.09582294775650313 0.7228659878013034 0.583731964375936 0.5987169791538304 0.470274036849323 0.9384351548089734 0.749524386186056 0.32412201736663115 0.4687589292144143 0.04345304287544216 
0.6932398729954705 0.6083638928371967 0.863533598034483 0.7288579720254782 0.46052269507532584 0.9002024763015559 0.6468625023806728 0.36387631941172327 0.4253176377255685 0.8594691307757408 
0.797117743796184 0.7122633068145005 0.29862418917923383 0.030662181876195405 0.591702932683753 0.31293376519429517 0.3194646317700064 0.2442535904966554 0.810145950097239 0.25266679652384605 
0.6124109143494159 0.28285660708817373 0.09903182208237671 0.5534999765632095 0.49821875929011405 0.720342638866631 0.9876187861293934 0.6553348508419286 0.4783599665993511 0.8122578139648713 
0.8916990276679195 0.7831119916058855 0.9064450032900296 0.046455477165321946 0.4520522754142613 0.36266827645255617 0.10822768740032895 0.9276172300352689 0.39501954369259007 0.5096612122390066 
0.4481766039526782 0.5068045436210199 0.2923837581294729 0.45402849335490547 0.06450301044964779 0.10947910121888171 0.33554311408408344 0.10616282150392675 0.36851710767124723 0.9788685973746133 
0.7189116911910473 0.05083214204731401 0.8334365331630395 0.33098553559479515 0.26794857016595 0.38777637008872645 0.6146783504306789 0.34072205498666297 0.8765549882203509 0.9730333968020494 
0.5759441803168336 0.19195569845183125 0.04772219303887659 0.40652763578925255 0.29695429726855227 0.5008807925005543 0.8584873396655582 0.2506171186482129 0.44194125391416617 0.3353581283191197 
0.9737109944233765 0.9929129582976673 0.6815695089776838 0.6176837438684761 0.45867001758255976 0.463773878355761 0.5698759896155372 0.5031246442059198 0.8798734764299712 0.09556560496334687 
0.7546505382501101 0.3774298449906922 0.5350838375701387 0.4140577435139703 0.8281258169166213 0.4799296527500675 0.9406451548026982 0.8698944585044278 0.5434304427744644 0.8702043042363693 
0.6647046617186307 0.6711466990521822 0.10135451963869313 0.9342815985976584 0.3933701503174426 0.15576951186008037 0.5523592917869227 0.022898080711655222 0.8627144632471498 0.8500296555669998 
0.5238407338420412 0.3644446622395302 0.3287800171543911 0.2770162076794942 0.5990976287314534 0.40214110707597106 0.5648251375305875 0.3430763816632041 0.034926899758639274 0.3715740529841206 
0.023264749633872817 0.7356971530135125 0.19449985394036728 0.8612006117692215 0.9461276219069207 0.10518394994265456 0.5311744020687628 0.23018704548563795 0.8452542946251026 0.07839260860923147 
0.7264469540576748 0.8854491941917338 0.1671042957176857 0.789226291455503 0.7273600160294481 0.8104790694487771 0.5933875009779971 0.13519984354086612 0.8424026242059451 0.27743938190926354 
0.60762503089591 0.6871537436322204 0.14515879643432406 0.9294697873191 0.642363381784736 0.8897198357857491 0.3050241771215202 0.4629877404611399 0.8573880292437003 0.37089543370268596 
0.8679682332232068 0.16633124041559888 0.3035438030682991 0.40846266658182107 0.15492035173932872 0.0300126090135322 0.5942477644607822 0.7618142314757107 0.06031810493460321 0.7787025402269198 
0.9864866335287694 0.6000440773347728 0.4072638836838939 0.2149430400186083 0.8500086114331171 0.26714364095469734 0.3982869159178727 0.8035653974800511 0.6819535312959283 0.9336963549400589 
0.24444677255991443 0.3744431258130053 0.6518619787106781 0.5070595350993313 0.42523294817230683 0.26855105021713266 0.7845726602208655 0.0986353651709777 0.7374237275909659 0.9653042082673156 
0.6740318551942619 0.7800385951109671 0.6824648545215966 0.9085630988732607 0.14908404856607882 0.64701031220949 0.49798834173942585 0.31438459561851595 0.0002688914453423674 0.9414884453414746 
0.4777127448402432 0.7947750629749519 0.07947962679990517 0.23113280362235944 0.8154892527830605 0.33716847119756055 0.5081841903966988 0.19592798821895419 0.031011459267102248 0.7581881587872349 
0.2565022907590193 0.9122610212641807 0.7179397065691704 0.890601354810194 0.14707208398258298 0.27974211165097174 0.37118589836869176 0.5669361420563449 0.3856335591880813 0.46947166533204643 
0.70292823233742 0.7920287513230833 0.5848548655591403 0.6430746266812658 0.3192304546682372 0.9508675582442967 0.19611691552097 0.8466669974937077 0.7208367495172149 0.8857915502769673 
0.5783160913877381 0.5054097666699766 0.884931352481248 0.41580985413743865 0.07005927060072392 0.7915123217122398 0.32509264821193706 0.16597625491491996 0.6795513225420919 0.3437645927501134 
0.06490467596220606 0.9843684465428802 0.29561802712722307 0.8392439013582903 0.6963754359672623 0.47454030170819606 0.8425108510162624 0.7845007220339157 0.9605436424374739 0.5893427617330969 
0.2519306955357531 0.957544166686097 0.7067660156729806 0.4397660019511591 0.32684437108969333 0.2924843279486301 0.588450655310106 0.9509431846764449 0.10932509242434618 0.8569733889505099 
0.12418592148591467 0.9370257348258346 0.3737782114658651 0.8180031840912949 0.7190133708660347 0.711487606788897 0.6291261243276712 0.965837206314255 0.5337726015880835 0.4515632209412447 
0.8165787711566858 0.8091172626664387 0.299113907739019 0.7438035507546875 0.4146607811530113 0.5421147928270135 0.12372077679167692 0.21072565002293497 0.31476518250866903 0.7180639993713172 
0.537494671756989 0.5871790732908764 0.6927879122438803 0.13991857379673311 0.9549045887808887 0.17848299627738495 0.02906872460929022 0.18379213184502452 0.18218774605070187 0.17877793670100872 
0.15135662829009466 0.17958585072035294 0.7446665997766957 0.38469836401723945 0.752819811753518 0.6073123064283027 0.4972089598766217 0.0654920982330719 0.28331460811527165 0.8377503231201334 
0.90915328943772 0.1084720454342778 0.6788877658756189 0.7320071160016417 0.017164914371179507 0.8588187100475149 0.4097077243988798 0.3588412447878302 0.3287356595737989 0.5526365156781573 
0.013573495986467843 0.711083051925289 0.032688356833661336 0.17773555014612086 0.19891063660195174 0.08282149215751333 0.920834879309307 0.3499911419015663 0.7573809040582591 0.7649335904908136 
0.7431815018371482 0.9502565313767187 0.23020596653376724 0.29282224327724604 0.5427828148056203 0.3848014332336902 0.8735309031904631 0.18138567098213165 0.7836420051947406 0.2834047537424821 
0.8884872074984105 0.45382683910675137 0.5452671971034273 0.615099406230955 0.7893694368998261 0.99344754653751 0.8137129776669484 0.40311902158153534 0.8786828431834982 0.5716366578598858 
0.7778103036008479 0.6784678159391015 0.28422618365466723 0.6604968747015695 0.6759171146759779 0.11985883585510881 0.7314864736091539 0.9432936339835445 0.8634706872982308 0.04374184696398298 
0.8980406432335271 0.9868902656588499 0.7220025085813073 0.648702781877604 0.9002884739194313 0.8612178569653548 0.017301019629885617 0.3997096549771728 0.729131678228347 0.253765853481444 
0.1784120660376659 0.9890778248911555 0.8436528086805918 0.01857824730466795 0.287371157054925 0.837441172830546 0.4172234703024694 0.3395501134212743 0.21477634060657236 0.013084172901038249 
0.5508731084675301 0.8239742495600053 0.07565308417679084 0.9244685631183337 0.7377435006748031 0.8303162075044985 0.7987325264466051 0.1502399467347354 0.866345082837316 0.8906393012542895 
0.6061791971172914 0.6146894715899646 0.8389670964720327 0.9921718101911441 0.1251919316281357 0.4154801463316079 0.9144070972694132 0.41065699791010646 0.25570333066981854 0.3442419237603397 
0.52905043905196 0.26021009214974433 0.013247764759187763 0.29968243908111114 0.6206654297897256 0.5092310201383421 0.7795821409879593 0.967797460034387 0.0051181457702434985 0.7237022999555769 
0.8700062763041524 0.08741227568678 0.6490099861502524 0.5911622339506724 0.0732523356872421 0.6135763852256628 0.19057125676226094 0.49897988381069813 0.7613653704047768 0.8110309595168622 
0.5007211457743039 0.4294042800369503 0.3601584690541674 0.7441249582567894 0.5907714740413771 0.3813356898453172 0.5455258329634587 0.00866301898985078 0.4560809970920553 0.24775252612005394 
0.6990760797430141 0.6642768842846662 0.7443025547014571 0.661405775076374 0.021613968119414184 0.06287105958589245 0.9484984780084263 0.8398366402691769 0.5223002909812057 0.3601623210490532 
0.06684076846962894 0.22206349670242165 0.21364414489972205 0.5887727120786617 0.8818768269658075 0.3141032231071662 0.3121174921357832 0.9405672607941009 0.5876738474284093 0.0356950990263778 
0.05427373853339279 0.3548442494915772 0.09201352014667552 0.4535327454545468 0.6283479554561461 0.7142992569274172 0.7925391607716394 0.44735876752159576 0.9498775499986076 0.18075246255186017 
0.6247606726228472 0.8681748669922461 0.8466420367715695 0.9932979205690123 0.1999503588242274 0.3831039135606302 0.40596670737967444 0.5915055164036485 0.7447629710270781 0.19384409639918865 
0.9750414402154974 0.6532811605938936 0.9445621757930093 0.6082006815392896 0.11973328600654098 0.618749252266076 0.5158608211721065 0.9374640240852363 0.36518833174372556 0.7079271339547267 
0.7868723668858963 0.909522212696931 0.6708636575706286 0.45186423775167683 0.31832906405593486 0.13328910745447387 0.023586378516092354 0.6592918322490712 0.7855731096263989 0.33727381935565337 
0.44674993672526575 0.4348740881678804 0.9221745752169893 0.5920388311559289 0.10892940458328715 0.8526841509448312 0.6811120112911652 0.5719366561607797 0.580814546346223 0.22274779950531132 
0.26434734654247405 0.18856507727371485 0.5987151357398759 0.5621962650604103 0.2663581862449963 0.45496407296419916 0.747597200452712 0.22836215371066004 0.4010817748585629 0.29617898709879364 
0.21644741510042276 0.2313916260288552 0.22054709079467094 0.5787991612681415 0.3900130042866926 0.19264543506928689 0.8999179312828494 0.7496905494920284 0.4169042572862218 0.5744594585019935 
0.27514613940870103 0.7695930664409297 0.3174984165874125 0.7341358406436356 0.024290908477543005 0.2710498355203077 0.08741535148027024 0.08993591110661037 0.9594435133663328 0.6818014956191158 
0.35670495465574426 0.2660359616128374 0.6906621519505735 0.7663971087302748 0.8686452941746869 0.2300523083352427 0.8706215186441116 0.09055041690973753 0.28219588386040184 0.5232695807532892 
0.6401475880585824 0.887144804412842 0.5783495728066781 0.7219319982523703 0.1127760069825251 0.08414293016095986 0.18853480834137237 0.26582402745175815 0.5610435037851128 0.5115928292239024 
0.31764201338739617 0.6995423275801769 0.2086292604815061 0.6083285314747375 0.776200573746589 0.47392138325536937 0.9995455011221751 0.44292365974303594 0.11722450923663974 0.9441099165812433 
0.38627507422932417 0.8250876953454436 0.4651950005451715 0.9374727168228979 0.8610515122169289 0.5549048421585919 0.3196780220801734 0.2660690194216656 0.30570805216064656 0.5651100720306703 
0.6638533974379486 0.37324424120058275 0.4737293842834768 0.09543098899218538 0.4434300998543145 0.6210522205119935 0.7498852358901126 0.10990721361513067 0.7140975314184519 0.3278120048552101 
0.6934022106133708 0.6350568463923095 0.35681081642935353 0.49548926354126 0.9582545948403806 0.2924735686366716 0.6328841871089649 0.8412885483373738 0.6153507730549483 0.0181680537210841 
0.07516587677119191 0.55949357579012 0.6197454375506695 0.7427783659487283 0.07594521607277127 0.6465052061563794 0.8602442842685181 0.31223455863261307 0.6024491877577702 0.4291767765643687 
0.8678672795131637 0.4448531128221881 0.3890061125507178 0.05287086565775745 0.8736368621098437 0.803404902636287 0.7684309736634536 0.6926677971629503 0.06058504801300224 0.34428092668876487 
0.39618076682678904 0.14500095709006544 0.3862133012384219 0.7448841095765515 0.07497872184813248 0.017995156772701693 0.6565213025590917 0.21967479518161948 0.8039524185090808 0.6081107035104184 
0.7029548443126977 0.8062701101283525 0.7589651493935825 0.8392093013827948 0.031176476830244826 0.5117940141265512 0.3449242550999232 0.6412349817241668 0.7594700961200321 0.188356916965724 
0.7354124203536443 0.7089005580647546 0.5981213918833227 0.9727029201067795 0.27777858417424817 0.49609602587050516 0.3906450769938161 0.5956359135176895 0.292015660708421 0.542972948755991 
0.4653345215833141 0.9723927388902314 0.5339970630170937 0.5934907213291162 0.40745971544106774 0.1919319052996279 0.2919105415030282 0.07062150795242206 0.2750113547332953 0.9367420413717733 
0.2756307133694461 0.7312493815682487 0.17844886053198017 0.9024483639735219 0.03909308571933556 0.8509558189139438 0.16141396508460393 0.8710372539110651 0.8718509966317417 0.8887289629009403 
0.7191053434728608 0.0017558611839229021 0.5095315663191116 0.052457458142346036 0.1751231842059885 0.33227750696836 0.8528388341554869 0.1862265521264863 0.5216880796009089 0.8177113688116927 
0.2730732590757792 0.6654362455446209 0.9193232979096506 0.4297312548315466 0.6811388411214394 0.39254260052427337 0.25673691490863537 0.27952178117486537 0.740459131572773 0.703943587390567 
0.8857422466959775 0.05206569149299767 0.5848932437195766 0.00022423996645903888 0.1037914753994923 0.6483554160489203 0.04212513902489956 0.1177910136704986 0.913212110810382 0.7705368111572392 
0.5490768939663562 0.37078425636049517 0.02173001449922829 0.7858690411842209 0.4960159918649222 0.9781712894482736 0.37400525281318586 0.3534721516335131 0.5932465217124624 0.4863012657874932 
0.15254497278644708 0.8299812773185906 0.6362958445556752 0.2853658734263652 0.5024979057723364 0.227366494294982 0.3757333724722577 0.45564661977244425 0.07609689915254192 0.8021448016636256 
0.1678449851367384 0.4300145413100248 0.729369728356248 0.763251537886791 0.5068942610555639 0.4208955644383069 0.2851455025829106 0.8101176451468703 0.910468067544578 0.1489434837213487 
0.8766599689522132 0.2484564878702742 0.6502618664723081 0.3580875910274083 0.7035917796314006 0.6204843684009267 0.6871209799440965 0.006821012606100907 0.9971252671443678 0.7025210244145402 
0.8299709489512478 0.79374288983403 0.25476785382555345 0.03147635716983932 0.939400328493997 0.9354655648565536 0.1278780141955863 0.44454240818753044 0.0707096305787156 0.08245896200547109 
0.7253791050670251 0.2881123267901602 0.03978733258489087 0.6104596811971019 0.0335579395550617 0.5073528034081121 0.7063563097712291 0.4388248797359322 0.806196304652788 0.37091466417003394 
0.26716259266292075 0.8856761853472225 0.8587279406906133 0.4740720989571261 0.29235241548574264 0.16659279995459253 0.389534427825316 0.21785795925934537 0.059567252815781235 0.7996444563057987 
0.8111792338047317 0.03608445563260121 0.827962247181189 0.9878495367449872 0.9492118373444824 0.09323223561832406 0.05927561856455288 0.9942165792319811 0.32549431646818283 0.9566256118570283 
0.4151271313631171 0.20475893657591593 0.9424505567645973 0.16770624621080776 0.07857483453377967 0.5255177250989308 0.2099214807980022 0.2943032834753404 0.40328527524316315 0.9429330208683084 
0.49715193989863504 0.6351575519637082 0.5782909228859363 0.47813584988307223 0.6975570019113447 0.5955739364173106 0.7555275551758135 0.45590228709661995 0.8365186065860822 0.7975157720527241 
0.31377589323307964 0.3845903716669399 0.42393187937380816 0.33342644497677 0.960004707816436 0.3613505229972338 0.7739230807529806 0.7417865116408353 0.5100919839714496 0.8910686146545649 
0.4002097260296762 0.7613122302651993 0.8281288978409571 0.2073485897316093 0.6400922898285752 0.626848220220908 0.1847779167982787 0.4365183318073341 0.5499485583084982 0.192224663156909 
0.6809504100131957 0.40291530756350247 0.6965411156766815 0.4002589341806475 0.9899834428408412 0.5068385732968016 0.7249944334535566 0.04828281471987017 0.12345118555320289 0.30873019065603824 
0.38998484328492733 0.04486928717081018 0.5488437637746862 0.5886981491487344 0.3663973523939512 0.10520874757710075 0.3698228918237717 0.7514882987664572 0.6282963291994607 0.5748299228197706 
0.7194432296008451 0.7208528311376644 0.10230665448760135 0.76531180105875 0.3383077459721664 0.033274209484901895 0.014736004610847564 0.03221024058320365 0.03485065946548083 0.07010834169275626 
0.7456997730729296 0.5863331064572262 0.386137455951567 0.697395388787562 0.22174295782279407 0.967954720944438 0.4934921697117792 0.4409274265313856 0.1631064913289827 0.7061969139326649 
0.6381618064016866 0.8374778146073136 0.5218655665610001 0.1864470979917472 0.0778047922022479 0.24829111243560165 0.954146602259507 0.2723740036615082 0.9294602434661468 0.17681054218210468 
0.7862184244560869 0.568853964667663 0.45277010676112506 0.35965662127661435 0.1785562040677493 0.8685233673766639 0.47843738969298155 0.841023990801005 0.21126548145356494 0.20611570861363127 
0.1798848958773912 0.765139569122351 0.8970630161771969 0.6688873837070736 0.5660213466874641 0.8011840789758204 0.8407013042848573 0.20552186664314043 0.5051566492638255 0.5745323219760503 
0.30652074182331435 0.12951691239174778 0.4125535996909341 0.10295284441881658 0.45307294329096903 0.04298223663031686 0.17294945417171892 0.09598886108539284 0.9201620942226174 0.276327508960717 
0.2604181883142518 0.6068812682975648 0.4184955524466586 0.08793880240894025 0.5685016897267455 0.21632863659755996 0.26119404946894287 0.6191918037408912 0.5573366495355281 0.9326529485892056 
0.8413997233245133 0.5993971508314655 0.19348184723900452 0.06737238133820911 0.5264591822456407 0.19036354094133845 0.44690555246837094 0.0032264343169315923 0.41052546157421443 0.017016577294018065 
0.9840971127174478 0.03540481589864786 0.9039666874588286 0.507241881317837 0.046963561092408956 0.6466510142643763 0.5401206824495878 0.32410618312727957 0.8283135106583921 0.6603607584196767 
