15 100
0.78673 0.57069 0.75199 0.23422 0.25237 0.0096 0.51206 0.17251 0.20537 0.9149 0.94308 0.94219 0.91974 0.77529 0.02912 
0.37561 0.3345 0.09268 0.51648 0.70501 0.5639 0.26161 0.33388 0.51336 0.91554 0.47866 0.40563 0.5094 0.19892 0.82733 
0.11916 0.28539 0.8999 0.72703 0.16808 0.6704 0.35409 0.85358 0.40016 0.09698 0.03538 0.1017 0.85563 0.84564 0.88939 
0.32905 0.79184 0.64586 0.41248 0.39819 0.09015 0.91268 0.63453 0.47705 0.98936 0.4585 0.37578 0.34138 0.3652 0.81656 
0.57069 0.01035 0.60556 0.84597 0.11289 0.65803 0.54749 0.553 0.9937 0.78854 0.0712 0.10129 0.13784 0.91742 0.1854 
0.62775 0.33107 0.61312 0.04702 0.88153 0.71557 0.32848 0.1654 0.27665 0.10134 0.26031 0.58707 0.73653 0.8514 0.37626 
0.51271 0.22846 0.79666 0.53558 0.758 0.96273 0.80972 0.12306 0.41608 0.54221 0.01886 0.00424 0.36851 0.65577 0.10601 
0.52783 0.89472 0.36189 0.21687 0.67449 0.08077 0.68816 0.42582 0.96137 0.46418 0.28895 0.64246 0.79355 0.44612 0.70178 
0.70647 0.05225 0.6869 0.72665 0.25858 0.88335 0.28436 0.92149 0.89112 0.86821 0.26416 0.81889 0.14893 0.28531 0.40269 
0.50916 0.08135 0.75748 0.74879 0.17691 0.99107 0.97217 0.21177 0.51513 0.95598 0.54889 0.64754 0.47025 0.79449 0.25881 
0.73757 0.18557 0.59567 0.60361 0.10763 0.30128 0.27167 0.41345 0.08526 0.38869 0.39713 0.13806 0.00529 0.34054 0.8091 
0.39864 0.37957 0.33921 0.14048 0.27638 0.30846 0.52767 0.16934 0.80169 0.00397 0.44195 0.78113 0.15285 0.03327 0.89415 
0.83297 0.38261 0.87821 0.50566 0.69181 0.62073 0.03979 0.38809 0.01597 0.82255 0.73072 0.50039 0.15591 0.59852 0.48367 
0.46267 0.19482 0.03761 0.58849 0.61174 0.98867 0.66609 0.69611 0.7972 0.59613 0.75843 0.07222 0.44304 0.402 0.96519 
0.29337 0.65532 0.86471 0.76455 0.38934 0.93905 0.14718 0.79023 0.29675 0.56493 0.01889 0.63518 0.18914 0.5708 0.65608 
0.91208 0.18633 0.58939 0.89419 0.77549 0.88843 0.61013 0.46726 0.91624 0.92527 0.66865 0.74946 0.38763 0.99187 0.48865 
0.2214 0.05222 0.08877 0.80984 0.26585 0.8598 0.11371 0.86083 0.35133 0.69319 0.17231 0.82842 0.15066 0.6399 0.67098 
0.07129 0.75013 0.77309 0.30225 0.49272 0.93287 0.94947 0.67224 0.66248 0.85956 0.33424 0.06832 0.59876 0.21365 0.56278 
0.12128 0.06134 0.66947 0.38358 0.5667 0.70086 0.78715 0.79541 0.09922 0.35565 0.07402 0.86628 0.76012 0.21963 0.36062 
0.3244 0.65418 0.42341 0.09568 0.39307 0.557 0.25001 0.89031 0.46862 0.61524 0.27789 0.96402 0.12997 0.52907 0.55005 
0.09084 0.51611 0.70043 0.01925 0.85261 0.65526 0.28658 0.80142 0.76793 0.29474 0.32476 0.78457 0.05855 0.97661 0.47169 
0.24592 0.53138 0.81991 0.62231 0.35422 0.76393 0.19568 0.9208 0.34636 0.16595 0.77109 0.54578 0.57015 0.45992 0.08547 
0.01903 0.82185 0.2452 0.95322 0.44287 0.45312 0.6557 0.45986 0.06885 0.81619 0.65074 0.43018 0.74952 0.65541 0.22735 
0.54572 0.07754 0.16028 0.96808 0.50878 0.76288 0.43161 0.92255 0.54858 0.94022 0.23026 0.42616 0.76453 0.57361 0.20526 
0.37066 0.03325 0.1591 0.51685 0.5698 0.37248 0.93173 0.19661 0.77683 0.74206 0.39958 0.53105 0.68594 0.00525 0.55849 
0.64159 0.96965 0.51797 0.72168 0.90874 0.96012 0.32828 0.88878 0.85613 0.64538 0.70463 0.91059 0.19318 0.45522 0.78221 
0.8268 0.35119 0.59665 0.93378 0.93239 0.38743 0.21293 0.86264 0.01657 0.0495 0.40636 0.27275 0.78887 0.79479 0.64471 
0.34314 0.10695 0.08772 0.1075 0.75469 0.41146 0.77831 0.47899 0.62427 0.13462 0.55067 0.85048 0.59733 0.30714 0.55243 
0.09935 0.9745 0.60949 0.18596 0.44763 0.03031 0.10089 0.48426 0.47116 0.91025 0.64336 0.11595 0.8512 0.18162 0.90155 
0.29781 0.85566 0.54128 0.66965 0.13957 0.79643 0.52756 0.11806 0.97264 0.57752 0.05532 0.73533 0.67021 0.88924 0.75957 
0.21536 0.48675 0.37871 0.69511 0.76841 0.37346 0.77124 0.09006 0.29095 0.29348 0.39823 0.26449 0.25606 0.25393 0.11855 
0.84166 0.48383 0.76071 0.17134 0.76082 0.89576 0.69501 0.78381 0.02749 0.32926 0.99043 0.39411 0.10713 0.72333 0.35127 
0.21222 0.33306 0.75971 0.01615 0.281 0.33514 0.24444 0.54609 0.86731 0.75484 0.08312 0.62199 0.79512 0.3843 0.88877 
0.70345 0.8907 0.59109 0.29168 0.34753 0.35867 0.24629 0.71149 0.43478 0.97765 0.8789 0.29946 0.36977 0.15743 0.09555 
0.79742 0.00237 0.49475 0.13878 0.63947 0.51362 0.7391 0.45091 0.05401 0.35707 0.13361 0.68338 0.71547 0.42219 0.27873 
0.75406 0.30653 0.44029 0.1238 0.11661 0.15885 0.66854 0.2397 0.42375 0.05353 0.65992 0.79727 0.97462 0.57466 0.67049 
0.95029 0.25807 0.66471 0.26145 0.37344 0.15668 0.13631 0.1731 0.71353 0.77978 0.09136 0.39 0.77523 0.14424 0.28856 
0.48984 0.34697 0.80383 0.77053 0.37304 0.72374 0.75848 0.82184 0.07438 0.3544 0.3392 0.20801 0.78181 0.83279 0.84495 
0.57187 0.6061 0.25977 0.7508 0.24216 0.98339 0.31353 0.55936 0.47962 0.08181 0.78587 0.53242 0.58193 0.59797 0.59058 
0.11117 0.42616 0.56992 0.42041 0.08664 0.4134 0.83941 0.27152 0.01122 0.25431 0.83024 0.67793 0.76092 0.77271 0.23445 
0.13359 0.69455 0.12391 0.24969 0.45233 0.56618 0.19603 0.95141 0.47341 0.80091 0.93397 0.88521 0.61723 0.97905 0.41103 
0.76839 0.88312 0.13186 0.72749 0.63283 0.00546 0.3277 0.67527 0.39467 0.77011 0.51993 0.97654 0.78735 0.19138 0.56182 
0.13357 0.99775 0.61568 0.70873 0.8441 0.17703 0.38225 0.39655 0.52642 0.25639 0.36725 0.40428 0.97136 0.63834 0.50729 
0.61587 0.72761 0.95329 0.98243 0.15529 0.31606 0.12764 0.40852 0.99639 0.34747 0.82162 0.06244 0.50749 0.19545 0.43465 
0.74896 0.20697 0.01526 0.07016 0.17114 0.24037 0.2547 0.53446 0.48876 0.08506 0.40416 0.88392 0.99449 0.24002 0.9874 
0.63279 0.1548 0.02682 0.43409 0.56095 0.69865 0.15729 0.24023 0.54231 0.76391 0.71395 0.79308 0.98901 0.27007 0.8603 
0.78757 0.85017 0.77619 0.13498 0.48108 0.36394 0.83586 0.43384 0.49915 0.57025 0.30109 0.28799 0.95286 0.87743 0.42978 
0.10574 0.43167 0.09024 0.17623 0.73062 0.38165 0.70756 0.54205 0.46485 0.91747 0.14627 0.15976 0.7425 0.59164 0.04415 
0.05005 0.20056 0.70791 0.99065 0.61296 0.60209 0.59486 0.3617 0.09964 0.49722 0.97525 0.29977 0.495 0.96527 0.21195 
0.5331 0.705 0.92021 0.75036 0.05658 0.65255 0.3671 0.23322 0.08573 0.10294 0.94186 0.25399 0.86137 0.87636 0.8145 
0.46317 0.96437 0.72505 0.98383 0.74725 0.04798 0.26421 0.84287 0.96619 0.03936 0.51824 0.34173 0.97809 0.46168 0.19054 
0.28045 0.43274 0.36788 0.9776 0.80263 0.90567 0.55566 0.43685 0.00823 0.82024 0.97743 0.55438 0.33219 0.06279 0.22267 
0.85306 0.11988 0.15806 0.24189 0.86308 0.15536 0.15057 0.72727 0.65229 0.35077 0.1257 0.50533 0.70112 0.67569 0.05672 
0.58665 0.55719 0.06272 0.54911 0.00897 0.15995 0.33058 0.36479 0.82002 0.52631 0.97839 0.8318 0.80998 0.91364 0.6883 
0.44126 0.71489 0.31749 0.85761 0.2569 0.61961 0.96913 0.65884 0.0722 0.08982 0.67496 0.42638 0.60875 0.15847 0.97999 
0.2584 0.35034 0.98195 0.63398 0.31748 0.03219 0.10717 0.21496 0.47655 0.14197 0.60914 0.94421 0.94413 0.72892 0.62905 
0.02527 0.10243 0.21328 0.63176 0.7448 0.20743 0.89124 0.10415 0.80243 0.06585 0.75844 0.25178 0.10961 0.23556 0.62422 
0.21399 0.20885 0.42965 0.46309 0.34525 0.26943 0.20291 0.06202 0.33747 0.18405 0.72947 0.73473 0.25124 0.91456 0.11546 
0.81102 0.84874 0.71951 0.8331 0.44678 0.17367 0.8836 0.23591 0.55944 0.01184 0.85631 0.09348 0.58028 0.25617 0.9447 
0.17302 0.23712 0.08267 0.70203 0.61063 0.91379 0.55084 0.6547 0.08785 0.50456 0.93623 0.92101 0.98199 0.01212 0.94845 
0.55352 0.88711 0.86924 0.505 0.51054 0.29315 0.30821 0.83191 0.12693 0.85255 0.12318 0.06306 0.29591 0.86154 0.97716 
0.8232 0.37969 0.42282 0.48115 0.04193 0.92439 0.50125 0.52567 0.78146 0.84564 0.52464 0.54787 0.03309 0.52533 0.2731 
0.3979 0.4052 0.53499 0.0058 0.66263 0.8868 0.61703 0.36423 0.68132 0.6227 0.46647 0.70762 0.60324 0.81921 0.93081 
0.3288 0.98797 0.86968 0.54836 0.11342 0.57198 0.80216 0.09013 0.32211 0.32679 0.96556 0.72013 0.93907 0.76598 0.97428 
0.21014 0.88393 0.02694 0.23569 0.985 0.05113 0.68622 0.61968 0.46447 0.46019 0.34135 0.49485 0.67748 0.99499 0.60789 
0.5493 0.50901 0.36377 0.78143 0.74482 0.08901 0.78472 0.51127 0.79376 0.32876 0.89953 0.03079 0.9809 0.12979 0.11665 
0.82975 0.16729 0.7605 0.837 0.70346 0.19553 0.02465 0.89892 0.90638 0.18709 0.93042 0.3617 0.40166 0.35196 0.86257 
0.4636 0.10953 0.83465 0.23749 0.5348 0.63596 0.06831 0.80796 0.18753 0.30875 0.28385 0.81566 0.34323 0.80496 0.05211 
0.34704 0.9255 0.58319 0.3342 0.71348 0.04337 0.47147 0.80775 0.21921 0.57305 0.25997 0.2708 0.38642 0.90341 0.5605 
0.96097 0.59573 0.86181 0.11815 0.03081 0.20253 0.741 0.16301 0.04777 0.06943 0.17388 0.19503 0.85876 0.8939 0.617 
0.96977 0.9387 0.02036 0.72786 0.67387 0.03462 0.3309 0.08975 0.29551 0.26469 0.83016 0.69404 0.03146 0.61328 0.79704 
0.79673 0.90778 0.7542 0.94243 0.04814 0.71443 0.78647 0.43627 0.95403 0.5295 0.07477 0.01139 0.0919 0.8871 0.38765 
0.09593 0.86883 0.82436 0.46731 0.80318 0.70762 0.18285 0.11157 0.97924 0.37503 0.05396 0.4899 0.36653 0.89822 0.69943 
0.88475 0.92488 0.43339 0.70762 0.19724 0.21968 0.53324 0.57299 0.8877 0.29076 0.18554 0.90236 0.28749 0.71246 0.35697 
0.25615 0.97805 0.82212 0.99781 0.00069 0.01642 0.95599 0.56564 0.88576 0.5036 0.89481 0.9406 0.44468 0.57028 0.7692 
0.93258 0.8052 0.94659 0.49455 0.0916 0.34793 0.18601 0.80471 0.48556 0.19476 0.19944 0.79518 0.25002 0.57233 0.95952 
0.8017 0.43778 0.65162 0.3602 0.50631 0.55168 0.94322 0.07605 0.4668 0.49578 0.41386 0.66191 0.43689 0.98632 0.02728 
0.02316 0.44078 0.72969 0.38285 0.5666 0.32091 0.35798 0.09873 0.32693 0.17514 0.84986 0.87631 0.69642 0.05241 0.81939 
0.57391 0.43206 0.32475 0.36098 0.94887 0.91906 0.5564 0.29332 0.55139 0.97812 0.74769 0.25403 0.77892 0.05625 0.34901 
0.56075 0.21992 0.00069 0.39652 0.39729 0.27413 0.0979 0.62193 0.45979 0.09227 0.7057 0.36557 0.4107 0.46829 0.30344 
0.08403 0.76148 0.41724 0.38638 0.44201 0.61381 0.93944 0.50208 0.18724 0.29116 0.14709 0.43119 0.80118 0.9017 0.84658 
0.63274 0.96158 0.1886 0.02071 0.12621 0.07672 0.45106 0.58096 0.67591 0.24896 0.13516 0.43099 0.32961 0.14422 0.84661 
0.12207 0.46021 0.77064 0.42225 0.21816 0.74274 0.75405 0.36145 0.36089 0.3624 0.57011 0.24019 0.42276 0.09618 0.89737 
0.65874 0.4753 0.08057 0.92435 0.37121 0.18145 0.75961 0.76471 0.57217 0.713 0.86311 0.82097 0.41049 0.66257 0.22623 
0.90775 0.36365 0.12398 0.51649 0.49326 0.19858 0.49474 0.45348 0.87202 0.54007 0.67485 0.29597 0.65916 0.6249 0.03183 
0.55262 0.41519 0.64874 0.77594 0.46564 0.5269 0.03157 0.53377 0.21916 0.27643 0.89239 0.37333 0.3856 0.02085 0.70349 
0.25241 0.03253 0.89411 0.38095 0.72351 0.90928 0.75878 0.0598 0.98003 0.6441 0.74612 0.72286 0.85542 0.07161 0.53769 
0.374 0.7989 0.91524 0.24934 0.36665 0.01206 0.47642 0.39112 0.40893 0.81024 0.25187 0.15263 0.04254 0.19707 0.64848 
0.46497 0.9575 0.00487 0.66761 0.83944 0.95442 0.65112 0.60504 0.14062 0.23048 0.29537 0.11452 0.9083 0.36048 0.99423 
0.9644 0.57531 0.20809 0.92704 0.18823 0.94905 0.99991 0.88262 0.98411 0.9663 0.38217 0.32022 0.92779 0.76476 0.14107 
0.11295 0.743 0.77583 0.82134 0.13458 0.1667 0.08567 0.56431 0.07882 0.64458 0.77506 0.66416 0.52902 0.70438 0.53893 
0.71625 0.25897 0.79044 0.53943 0.88525 0.98527 0.51876 0.874 0.28204 0.5764 0.3544 0.35038 0.98936 0.16043 0.43245 
0.8607 0.58109 0.42561 0.68413 0.84982 0.75182 0.85943 0.37598 0.4884 0.03992 0.86095 0.17245 0.39993 0.13781 0.00396 
0.00842 0.15198 0.594 0.52672 0.02404 0.62964 0.12245 0.48371 0.12666 0.76328 0.13533 0.45577 0.59021 0.66609 0.45507 
0.11215 0.33682 0.46895 0.35534 0.44447 0.19175 0.30849 0.16731 0.4292 0.69697 0.20359 0.28966 0.64519 0.22384 0.10421 
0.12944 0.45745 0.14512 0.67767 0.3046 0.96784 0.91654 0.50995 0.43335 0.1986 0.03432 0.62269 0.47459 0.01853 0.83622 
0.24149 0.9295 0.8168 0.35906 0.12578 0.45626 0.1933 0.34545 0.02188 0.95798 0.61898 0.43172 0.11829 0.4276 0.242 
0.30922 0.70019 0.13242 0.06153 0.11143 0.37585 0.15598 0.98572 0.19303 0.60228 0.70862 0.29427 0.25003 0.14292 0.08575 
0.7555 0.39256 0.36827 0.51113 0.16239 0.90378 0.07591 0.94351 0.70921 0.84589 0.47779 0.37642 0.18491 0.61421 0.48934 
0.59712 0.96033 0.14849 0.89542 0.39433 0.88893 0.14849 0.25287 0.44909 0.6888 0.18569 0.1075 0.94013 0.1815 0.26491 
